1,1,393,581,41,81,1,7,1
1,2,767,752,91,46,1,5,1
1,3,744,828,93,46,1,7,1
1,4,1093,845,59,29,1,2,1
1,5,1310,849,67,32,1,2,1
1,6,1322,877,105,36,1,3,1
1,7,1542,593,63,70,1,4,1
1,8,1539,637,45,37,1,8,1
1,9,1505,646,41,38,1,8,1
1,10,1451,617,27,46,1,8,1
1,11,1465,594,42,29,1,8,1
1,12,1260,940,102,38,1,7,1
1,13,409,811,94,134,1,4,1
2,1,393,582,42,79,1,7,1
2,2,780,755,91,45,1,5,1
2,3,745,828,93,46,1,7,1
2,4,1080,845,61,29,1,2,1
2,5,1302,847,64,32,1,2,1
2,6,1325,876,99,33,1,3,1
2,7,1538,589,64,69,1,4,1
2,8,1540,638,45,37,1,8,1
2,9,1505,646,41,38,1,8,1
2,10,1449,618,30,47,1,8,1
2,11,1466,595,42,29,1,8,1
2,12,1258,940,103,38,1,7,1
2,13,407,813,94,132,1,4,1
3,1,393,583,43,79,1,7,1
3,2,794,756,94,45,1,5,1
3,3,746,828,93,46,1,7,1
3,4,1068,846,59,29,1,2,1
3,5,1285,846,67,34,1,2,1
3,6,1325,877,99,33,1,3,1
3,7,1532,586,72,69,1,4,1
3,8,1540,637,45,37,1,8,1
3,9,1506,646,41,38,1,8,1
3,10,1448,618,30,43,1,8,1
3,11,1465,596,42,29,1,8,1
3,12,1259,939,102,38,1,7,1
3,14,1437,851,54,31,1,8,1
3,13,405,811,95,130,1,4,1
4,1,391,581,43,80,1,7,1
4,2,809,757,94,45,1,5,1
4,3,746,829,93,46,1,7,1
4,4,1054,845,59,27,1,2,1
4,5,1276,846,67,34,1,2,1
4,6,1335,877,99,33,1,3,1
4,7,1533,584,69,69,1,4,1
4,8,1539,638,45,37,1,8,1
4,9,1508,647,41,38,1,8,1
4,10,1448,618,30,43,1,8,1
4,11,1465,596,42,29,1,8,1
4,12,1261,938,101,39,1,7,1
4,14,1430,852,57,30,1,8,1
4,13,406,810,95,131,1,4,1
5,3,746,828,93,46,1,7,1
5,4,1042,843,59,29,1,2,1
5,5,1256,845,67,34,1,2,1
5,6,1323,878,104,31,1,3,1
5,7,1532,580,69,68,1,4,1
5,8,1537,637,45,37,1,8,1
5,9,1507,645,41,38,1,8,1
5,10,1448,617,30,43,1,8,1
5,11,1465,593,42,29,1,8,1
5,12,1260,938,103,39,1,7,1
5,14,1421,853,51,30,1,8,1
5,2,827,758,89,45,1,5,1
5,1,394,581,41,80,1,7,1
5,13,403,808,95,135,1,4,1
6,3,746,829,93,46,1,7,1
6,4,1029,841,59,29,1,2,1
6,5,1246,845,67,34,1,2,1
6,6,1325,878,104,31,1,3,1
6,7,1529,577,66,68,1,4,1
6,8,1536,638,45,37,1,8,1
6,9,1508,646,41,38,1,8,1
6,10,1449,618,30,43,1,8,1
6,11,1467,595,42,29,1,8,1
6,12,1258,938,104,39,1,7,1
6,14,1410,852,58,30,1,8,1
6,2,844,760,89,45,1,5,1
6,1,393,583,43,80,1,7,1
6,13,406,807,95,135,1,4,1
7,3,745,826,93,46,1,7,1
7,4,1018,842,57,29,1,2,1
7,5,1228,845,70,35,1,2,1
7,6,1323,879,105,34,1,3,1
7,7,1528,576,67,68,1,4,1
7,8,1537,637,45,37,1,8,1
7,9,1507,646,41,38,1,8,1
7,10,1450,617,29,43,1,8,1
7,11,1466,594,42,29,1,8,1
7,12,1260,938,103,39,1,7,1
7,2,859,759,89,45,1,5,1
7,1,394,583,43,80,1,7,1
7,13,404,807,95,135,1,4,1
7,14,1398,853,58,30,1,8,1
8,3,744,827,93,46,1,7,1
8,4,1003,845,57,29,1,2,1
8,5,1213,846,70,32,1,2,1
8,6,1322,877,107,34,1,3,1
8,7,1526,573,64,68,1,4,1
8,8,1533,637,45,37,1,8,1
8,9,1507,647,41,38,1,8,1
8,10,1450,618,29,43,1,8,1
8,11,1467,594,42,29,1,8,1
8,12,1259,938,103,39,1,7,1
8,2,878,761,89,43,1,5,1
8,1,392,583,43,78,1,7,1
8,13,405,808,95,135,1,4,1
8,14,1390,853,54,27,1,8,1
9,3,746,828,93,46,1,7,1
9,4,992,844,61,29,1,2,1
9,5,1202,844,67,34,1,2,1
9,6,1322,879,105,32,1,3,1
9,7,1524,571,64,68,1,4,1
9,8,1535,637,45,37,1,8,1
9,9,1506,648,41,36,1,8,1
9,10,1450,617,29,43,1,8,1
9,11,1466,594,42,32,1,8,1
9,12,1257,938,107,39,1,7,1
9,2,892,759,83,46,1,5,1
9,1,393,582,44,79,1,7,1
9,13,407,808,93,135,1,4,1
9,14,1374,853,61,27,1,8,1
10,3,745,829,93,45,1,7,1
10,4,980,840,62,29,1,2,1
10,5,1189,843,67,35,1,2,1
10,6,1320,876,108,34,1,3,1
10,7,1521,568,70,68,1,4,1
10,8,1534,638,46,38,1,8,1
10,9,1505,649,37,36,1,8,1
10,10,1450,618,28,43,1,8,1
10,11,1464,596,42,29,1,8,1
10,12,1258,939,104,39,1,7,1
10,2,911,761,87,45,1,5,1
10,1,393,584,43,78,1,7,1
10,13,407,806,93,135,1,4,1
10,14,1367,852,62,28,1,8,1
11,3,746,829,93,45,1,7,1
11,4,970,840,62,29,1,2,1
11,5,1175,844,71,35,1,2,1
11,6,1321,877,106,34,1,3,1
11,7,1518,567,70,68,1,4,1
11,8,1534,637,46,38,1,8,1
11,9,1506,646,37,38,1,8,1
11,10,1450,619,29,42,1,8,1
11,11,1465,596,42,31,1,8,1
11,12,1260,939,104,39,1,7,1
11,2,930,763,87,43,1,5,1
11,1,393,584,43,78,1,7,1
11,13,410,803,89,139,1,4,1
11,14,1354,853,63,28,1,8,1
12,4,958,840,62,29,1,2,1
12,5,1162,843,71,34,1,2,1
12,6,1322,876,106,34,1,3,1
12,7,1517,566,70,68,1,4,1
12,8,1533,638,46,38,1,8,1
12,9,1505,645,38,39,1,8,1
12,10,1450,618,28,43,1,8,1
12,11,1465,592,42,34,1,8,1
12,12,1258,939,105,39,1,7,1
12,2,944,762,91,45,1,5,1
12,1,393,585,44,76,1,7,1
12,13,409,797,88,143,1,4,1
12,14,1342,854,70,28,1,8,1
12,3,745,828,89,45,1,7,1
13,4,949,838,67,30,1,2,1
13,5,1152,839,67,36,1,2,1
13,6,1320,876,106,34,1,3,1
13,7,1515,562,70,68,1,4,1
13,8,1533,637,46,38,1,8,1
13,9,1506,645,40,39,1,8,1
13,10,1450,618,27,43,1,8,1
13,11,1467,590,42,34,1,8,1
13,12,1261,939,101,39,1,7,1
13,2,961,766,88,43,1,5,1
13,1,393,583,43,78,1,7,1
13,13,408,798,84,144,1,4,1
13,14,1329,852,74,31,1,8,1
13,3,746,829,89,45,1,7,1
14,4,940,838,64,29,1,2,1
14,5,1140,839,67,37,1,2,1
14,6,1323,876,100,35,1,3,1
14,7,1514,561,70,70,1,4,1
14,8,1533,638,46,38,1,8,1
14,9,1506,645,39,38,1,8,1
14,10,1449,615,28,43,1,8,1
14,11,1466,595,42,29,1,8,1
14,12,1258,939,104,39,1,7,1
14,2,988,768,88,43,1,5,1
14,1,393,585,43,78,1,7,1
14,13,407,798,85,144,1,4,1
14,14,1320,853,66,31,1,8,1
14,3,744,829,94,46,1,7,1
15,4,931,838,64,29,1,2,1
15,5,1125,840,70,31,1,2,1
15,6,1319,876,106,33,1,3,1
15,7,1510,561,73,68,1,4,1
15,8,1533,638,46,38,1,8,1
15,9,1504,645,40,38,1,8,1
15,10,1449,615,28,43,1,8,1
15,11,1467,592,42,29,1,8,1
15,12,1259,941,105,37,1,7,1
15,2,1004,766,88,43,1,5,1
15,1,393,585,43,78,1,7,1
15,13,408,799,85,144,1,4,1
15,14,1312,854,66,29,1,8,1
15,3,745,829,91,47,1,7,1
16,4,921,836,63,29,1,2,1
16,5,1112,839,67,33,1,2,1
16,6,1323,878,106,29,1,3,1
16,7,1513,559,70,68,1,4,1
16,8,1533,637,46,38,1,8,1
16,9,1502,644,43,38,1,8,1
16,10,1449,616,28,43,1,8,1
16,11,1468,595,42,29,1,8,1
16,12,1257,941,105,39,1,7,1
16,2,1018,766,92,45,1,5,1
16,1,391,584,43,78,1,7,1
16,13,408,797,84,144,1,4,1
16,14,1302,856,66,29,1,8,1
16,3,745,830,93,45,1,7,1
17,4,913,834,63,31,1,2,1
17,5,1099,840,68,29,1,2,1
17,6,1321,879,106,36,1,3,1
17,7,1512,559,71,68,1,4,1
17,8,1533,638,50,38,1,8,1
17,9,1504,644,40,38,1,8,1
17,10,1449,615,28,43,1,8,1
17,11,1467,595,42,29,1,8,1
17,12,1262,941,105,39,1,7,1
17,2,1035,764,92,45,1,5,1
17,1,393,582,43,79,1,7,1
17,13,410,800,85,139,1,4,1
17,3,745,829,91,45,1,7,1
17,14,1290,854,74,25,1,8,1
18,4,906,834,61,31,1,2,1
18,5,1089,840,67,33,1,2,1
18,6,1321,879,106,36,1,3,1
18,7,1507,555,71,68,1,4,1
18,8,1533,637,46,38,1,8,1
18,9,1502,645,43,38,1,8,1
18,10,1449,615,28,43,1,8,1
18,11,1468,595,42,29,1,8,1
18,12,1258,941,105,39,1,7,1
18,2,1055,765,92,45,1,5,1
18,1,393,585,43,78,1,7,1
18,13,413,793,80,147,1,4,1
18,3,746,830,92,45,1,7,1
18,14,1285,853,65,28,1,8,1
19,4,899,833,61,31,1,2,1
19,5,1077,837,67,33,1,2,1
19,6,1322,878,106,36,1,3,1
19,7,1507,555,68,68,1,4,1
19,10,1449,615,28,43,1,8,1
19,11,1468,594,42,30,1,8,1
19,12,1258,938,105,39,1,7,1
19,2,1072,766,92,45,1,5,1
19,1,393,583,43,78,1,7,1
19,13,408,793,83,147,1,4,1
19,3,745,827,94,46,1,7,1
19,14,1273,852,70,30,1,8,1
19,8,1534,638,46,38,1,8,1
19,9,1502,646,43,38,1,8,1
20,4,889,832,61,31,1,2,1
20,5,1064,837,67,33,1,2,1
20,6,1321,877,106,33,1,3,1
20,7,1506,555,71,68,1,4,1
20,10,1449,615,28,43,1,8,1
20,11,1466,595,42,29,1,8,1
20,12,1259,938,105,39,1,7,1
20,2,1089,767,92,45,1,5,1
20,1,392,584,43,78,1,7,1
20,13,413,793,78,147,1,4,1
20,14,1257,852,70,30,1,8,1
20,3,746,828,91,46,1,7,1
20,8,1534,638,46,38,1,8,1
20,9,1504,646,43,38,1,8,1
