1,1,1238,985,85,45,1,8,1
1,2,660,987,82,43,1,2,1
1,3,420,913,81,58,1,8,1
1,4,338,477,31,59,1,2,1
1,5,363,305,35,71,1,1,1
1,6,400,238,28,48,1,8,1
1,7,444,145,29,33,1,8,1
1,8,500,88,34,31,1,8,1
1,9,1424,913,73,39,1,8,1
1,10,1479,944,77,38,1,2,1
2,1,1213,991,85,45,1,8,1
2,2,635,982,85,43,1,2,1
2,3,410,910,85,58,1,8,1
2,4,339,498,30,61,1,2,1
2,5,358,314,40,72,1,1,1
2,6,395,247,33,47,1,8,1
2,7,440,152,34,37,1,8,1
2,8,495,95,31,30,1,8,1
2,9,1444,913,73,39,1,8,1
2,10,1465,945,77,38,1,2,1
3,1,1176,995,81,41,1,8,1
3,2,606,980,79,43,1,2,1
3,3,384,890,89,61,1,8,1
3,4,338,521,30,61,1,2,1
3,5,355,327,37,72,1,1,1
3,6,388,263,32,45,1,8,1
3,7,429,161,34,33,1,8,1
3,8,483,102,34,29,1,8,1
3,9,1470,904,70,37,1,8,1
3,10,1439,956,70,34,1,2,1
4,1,1157,997,81,41,1,8,1
4,2,579,974,79,43,1,2,1
4,3,371,882,89,61,1,8,1
4,4,336,533,30,61,1,2,1
4,5,353,338,37,72,1,1,1
4,6,382,272,33,50,1,8,1
4,7,428,169,34,37,1,8,1
4,8,480,108,34,32,1,8,1
4,9,1483,903,69,31,1,8,1
4,10,1428,960,62,33,1,2,1
5,1,1125,1001,91,37,1,8,1
5,2,558,970,83,45,1,2,1
5,3,355,854,71,76,1,8,1
5,4,336,550,30,69,1,2,1
5,5,348,339,44,79,1,1,1
5,6,379,279,33,50,1,8,1
5,7,424,172,30,42,1,8,1
5,8,466,114,38,34,1,8,1
5,9,1504,901,57,34,1,8,1
5,10,1411,960,62,37,1,2,1
6,1,1099,1004,81,41,1,8,1
6,2,539,968,79,43,1,2,1
6,3,342,852,85,62,1,8,1
6,4,336,573,30,61,1,2,1
6,5,350,352,39,77,1,1,1
6,6,378,288,33,50,1,8,1
6,7,423,185,34,37,1,8,1
6,8,465,120,34,32,1,8,1
6,9,1509,897,69,34,1,8,1
6,10,1393,965,64,35,1,2,1
7,1,1066,1003,81,41,1,8,1
7,2,509,961,79,43,1,2,1
7,3,329,829,77,71,1,8,1
7,4,336,594,30,71,1,2,1
7,5,345,357,39,77,1,1,1
7,6,372,300,33,50,1,8,1
7,7,416,196,34,37,1,8,1
7,8,458,127,34,32,1,8,1
7,9,1529,895,70,33,1,8,1
7,10,1373,969,64,36,1,2,1
8,1,1039,1005,85,43,1,8,1
8,2,488,952,79,48,1,2,1
8,3,323,805,74,85,1,8,1
8,4,337,613,30,71,1,2,1
8,5,346,367,39,77,1,1,1
8,6,368,311,33,50,1,8,1
8,7,417,203,26,37,1,8,1
8,8,447,139,34,32,1,8,1
8,9,1537,890,70,33,1,8,1
8,10,1354,971,66,38,1,2,1
9,1,1010,1009,85,39,1,8,1
9,2,466,944,76,53,1,2,1
9,3,320,787,55,83,1,8,1
9,4,335,628,33,72,1,2,1
9,5,342,378,39,77,1,1,1
9,6,367,316,33,51,1,8,1
9,7,410,207,29,42,1,8,1
9,8,444,140,31,35,1,8,1
9,9,1548,891,62,32,1,8,1
9,10,1337,973,64,38,1,2,1
10,1,977,1011,85,39,1,8,1
10,2,445,935,80,53,1,2,1
10,3,315,772,50,76,1,8,1
10,4,338,649,30,71,1,2,1
10,5,345,386,33,78,1,1,1
10,6,364,321,36,52,1,8,1
10,7,410,217,25,37,1,8,1
10,8,443,147,29,36,1,8,1
10,9,1565,885,56,34,1,8,1
10,10,1315,979,66,37,1,2,1
11,1,943,1014,85,43,1,8,1
11,2,428,923,76,53,1,2,1
11,3,305,748,49,81,1,8,1
11,4,343,669,29,68,1,2,1
11,5,345,398,36,77,1,1,1
11,6,362,329,35,52,1,8,1
11,7,406,230,26,37,1,8,1
11,8,433,160,34,32,1,8,1
11,9,1569,886,62,32,1,8,1
11,10,1292,982,65,39,1,2,1
12,1,913,1015,85,43,1,8,1
12,2,411,913,76,53,1,2,1
12,3,295,734,60,90,1,8,1
12,4,342,691,29,68,1,2,1
12,5,344,400,36,77,1,1,1
12,6,362,340,37,55,1,8,1
12,7,409,241,26,37,1,8,1
12,8,439,161,34,32,1,8,1
12,9,1582,876,59,37,1,8,1
12,10,1271,985,66,39,1,2,1
13,1,880,1017,85,36,1,8,1
13,2,388,898,71,58,1,2,1
13,3,302,709,43,84,1,8,1
13,4,344,703,39,78,1,2,1
13,5,346,409,42,81,1,1,1
13,6,359,348,37,55,1,8,1
13,7,400,247,29,41,1,8,1
13,8,431,174,34,32,1,8,1
13,9,1591,872,57,36,1,8,1
13,10,1244,989,68,38,1,2,1
14,1,842,1017,90,37,1,8,1
14,2,375,887,68,57,1,2,1
14,3,292,689,48,83,1,8,1
14,4,349,724,44,78,1,2,1
14,5,347,419,42,82,1,1,1
14,6,355,356,35,52,1,8,1
14,7,397,253,28,43,1,8,1
14,8,422,179,31,34,1,8,1
14,9,1598,872,59,34,1,8,1
14,10,1222,990,72,42,1,2,1
15,1,812,1016,85,43,1,8,1
15,2,357,871,76,57,1,2,1
15,3,289,668,51,81,1,8,1
15,4,355,747,50,80,1,2,1
15,5,347,427,55,81,1,1,1
15,6,355,364,35,52,1,8,1
15,7,393,270,26,37,1,8,1
15,8,422,187,36,34,1,8,1
15,9,1611,862,54,37,1,8,1
15,10,1188,995,74,41,1,2,1
16,1,777,1018,85,43,1,8,1
16,2,339,851,67,62,1,2,1
16,3,291,648,39,78,1,8,1
16,4,371,772,49,71,1,2,1
16,5,351,435,59,76,1,1,1
16,6,353,378,35,52,1,8,1
16,7,388,276,27,39,1,8,1
16,8,418,194,36,34,1,8,1
16,9,1623,854,49,40,1,8,1
16,10,1162,998,71,39,1,2,1
17,1,744,1017,85,37,1,8,1
17,2,333,831,61,68,1,2,1
17,3,292,620,35,82,1,8,1
17,4,374,788,60,75,1,2,1
17,5,352,436,65,78,1,1,1
17,6,350,386,32,57,1,8,1
17,7,384,277,31,48,1,8,1
17,8,415,196,31,43,1,8,1
17,9,1627,843,46,43,1,8,1
17,10,1140,1000,76,40,1,2,1
18,1,712,1014,85,43,1,8,1
18,2,320,812,62,73,1,2,1
18,3,288,610,41,80,1,8,1
18,4,383,799,65,77,1,2,1
18,5,357,440,67,76,1,1,1
18,6,347,400,32,52,1,8,1
18,7,378,299,30,39,1,8,1
18,8,414,205,31,39,1,8,1
18,9,1636,838,45,44,1,8,1
18,10,1111,1004,82,37,1,2,1
19,1,680,1013,85,43,1,8,1
19,2,315,790,50,70,1,2,1
19,3,289,594,41,80,1,8,1
19,4,401,826,65,63,1,2,1
19,5,363,443,67,76,1,1,1
19,6,341,413,37,55,1,8,1
19,7,374,299,31,47,1,8,1
19,8,409,221,36,34,1,8,1
19,9,1641,828,43,45,1,8,1
19,10,1081,1008,82,38,1,2,1
20,1,654,1009,85,43,1,8,1
20,2,309,773,52,69,1,2,1
20,3,293,572,35,70,1,8,1
20,4,416,839,66,68,1,2,1
20,5,369,457,71,64,1,1,1
20,6,342,424,30,53,1,8,1
20,7,378,311,24,45,1,8,1
20,8,410,219,27,40,1,8,1
20,9,1644,819,51,48,1,8,1
20,10,1058,1009,82,38,1,2,1
21,1,624,1003,85,44,1,8,1
21,2,305,749,44,74,1,2,1
21,3,292,546,32,74,1,8,1
21,4,432,855,74,65,1,2,1
21,5,374,458,71,64,1,1,1
21,6,339,433,33,61,1,8,1
21,7,371,316,27,50,1,8,1
21,8,404,226,30,44,1,8,1
21,9,1656,806,37,45,1,8,1
21,10,1027,1010,86,38,1,2,1
22,1,601,1000,85,43,1,8,1
22,2,297,732,52,75,1,2,1
22,3,289,542,39,76,1,8,1
22,4,451,870,69,65,1,2,1
22,5,378,457,78,66,1,1,1
22,6,334,454,37,57,1,8,1
22,7,371,330,29,45,1,8,1
22,8,401,237,24,43,1,8,1
22,10,1004,1013,79,35,1,2,1
22,9,1662,793,35,46,1,8,1
23,1,571,993,89,45,1,8,1
23,2,297,706,39,72,1,2,1
23,3,290,521,39,76,1,8,1
23,4,476,888,73,58,1,2,1
23,5,383,460,78,66,1,1,1
23,6,337,468,30,61,1,8,1
23,7,367,338,29,53,1,8,1
23,8,399,246,27,41,1,8,1
23,10,974,1016,82,36,1,2,1
23,9,1665,781,35,46,1,8,1
24,1,552,989,85,43,1,8,1
24,2,294,684,39,72,1,2,1
24,3,291,508,37,72,1,8,1
24,4,492,898,82,57,1,2,1
24,5,387,463,78,66,1,1,1
24,6,336,483,28,64,1,8,1
24,7,362,352,28,43,1,8,1
24,8,396,254,23,41,1,8,1
24,10,950,1014,82,36,1,2,1
24,9,1670,769,35,46,1,8,1
24,11,1717,778,28,52,1,8,1
25,1,529,976,79,46,1,8,1
25,2,294,664,33,69,1,2,1
25,3,299,492,31,59,1,8,1
25,4,516,907,82,58,1,2,1
25,5,391,465,79,69,1,1,1
25,6,334,502,28,64,1,8,1
25,7,360,356,28,54,1,8,1
25,8,393,260,28,45,1,8,1
25,10,924,1017,82,36,1,2,1
25,11,1712,794,30,50,1,8,1
25,9,1676,759,32,44,1,8,1
26,1,503,972,85,43,1,8,1
26,2,293,644,34,71,1,2,1
26,3,295,483,35,69,1,8,1
26,4,543,918,78,53,1,2,1
26,5,393,465,77,76,1,1,1
26,6,335,523,28,64,1,8,1
26,7,357,378,28,43,1,8,1
26,8,390,274,23,41,1,8,1
26,10,897,1018,84,36,1,2,1
26,11,1711,802,30,50,1,8,1
27,1,474,960,85,45,1,8,1
27,2,294,623,32,69,1,2,1
27,3,297,471,34,66,1,8,1
27,4,573,922,81,55,1,2,1
27,5,401,473,72,69,1,1,1
27,6,335,546,28,64,1,8,1
27,7,355,388,28,43,1,8,1
27,8,383,279,27,50,1,8,1
27,10,863,1018,88,34,1,2,1
27,11,1708,813,30,50,1,8,1
28,1,461,947,74,52,1,8,1
28,2,293,607,34,69,1,2,1
28,3,301,453,32,62,1,8,1
28,4,602,932,79,46,1,2,1
28,5,401,475,73,77,1,1,1
28,6,334,568,29,67,1,8,1
28,7,348,391,35,56,1,8,1
28,8,381,289,28,50,1,8,1
28,10,843,1018,83,34,1,2,1
28,11,1702,824,32,53,1,8,1
29,1,436,940,85,45,1,8,1
29,2,295,591,30,69,1,2,1
29,3,301,446,33,68,1,8,1
29,4,627,940,79,45,1,2,1
29,5,403,475,73,77,1,1,1
29,6,335,589,29,66,1,8,1
29,7,349,410,28,49,1,8,1
29,8,378,299,27,50,1,8,1
29,10,817,1017,83,34,1,2,1
29,11,1693,827,43,59,1,8,1
30,1,420,931,85,45,1,8,1
30,2,296,578,32,69,1,2,1
30,3,300,435,35,69,1,8,1
30,4,653,944,83,44,1,2,1
30,5,403,473,73,81,1,1,1
30,6,334,612,32,74,1,8,1
30,7,348,415,30,56,1,8,1
30,8,374,306,27,50,1,8,1
30,10,801,1018,79,32,1,2,1
30,11,1687,840,43,59,1,8,1
31,1,400,919,85,45,1,8,1
31,2,297,563,30,59,1,2,1
31,3,309,425,29,54,1,8,1
31,4,690,949,83,45,1,2,1
31,5,407,478,70,81,1,1,1
31,6,337,630,35,73,1,8,1
31,7,348,430,30,56,1,8,1
31,8,371,319,28,46,1,8,1
31,10,768,1015,88,36,1,2,1
31,11,1679,850,43,59,1,8,1
32,1,384,899,81,55,1,8,1
32,2,295,551,31,58,1,2,1
32,3,310,412,31,61,1,8,1
32,4,719,951,83,43,1,2,1
32,5,407,479,73,81,1,1,1
32,6,340,661,36,63,1,8,1
32,7,347,448,30,56,1,8,1
32,8,368,330,29,45,1,8,1
32,10,749,1011,83,38,1,2,1
32,11,1671,860,45,57,1,8,1
33,1,372,884,76,65,1,8,1
33,2,297,538,29,58,1,2,1
33,3,315,398,31,51,1,8,1
33,4,754,955,79,41,1,2,1
33,5,409,478,68,80,1,1,1
33,6,340,671,43,75,1,8,1
33,7,344,458,31,57,1,8,1
33,8,365,338,29,47,1,8,1
33,10,733,1009,83,39,1,2,1
33,11,1663,871,45,52,1,8,1
34,1,361,881,81,55,1,8,1
34,2,300,523,30,55,1,2,1
34,3,319,386,31,61,1,8,1
34,4,778,955,79,41,1,2,1
34,5,410,481,70,77,1,1,1
34,6,350,705,40,69,1,8,1
34,7,343,479,31,59,1,8,1
34,8,362,348,30,50,1,8,1
34,10,719,1010,83,39,1,2,1
34,11,1656,873,50,52,1,8,1
35,1,341,863,71,58,1,8,1
35,2,300,515,30,55,1,2,1
35,3,322,368,33,64,1,8,1
35,4,809,957,90,41,1,2,1
35,5,409,481,67,77,1,1,1
35,6,352,719,43,79,1,8,1
35,7,342,489,32,61,1,8,1
35,8,360,364,32,49,1,8,1
35,10,696,1006,83,39,1,2,1
35,11,1646,883,57,51,1,8,1
36,1,328,846,70,64,1,8,1
36,2,300,503,30,55,1,2,1
36,3,327,356,32,64,1,8,1
36,4,843,956,83,43,1,2,1
36,5,410,481,67,77,1,1,1
36,6,364,745,41,77,1,8,1
36,7,341,514,31,59,1,8,1
36,8,357,376,31,49,1,8,1
36,10,686,1007,83,39,1,2,1
36,11,1639,887,55,48,1,8,1
37,1,327,823,60,71,1,8,1
37,2,300,495,30,55,1,2,1
37,3,330,342,33,54,1,8,1
37,4,882,961,78,33,1,2,1
37,5,410,481,65,77,1,1,1
37,6,367,755,53,79,1,8,1
37,7,340,526,31,61,1,8,1
37,8,352,383,33,56,1,8,1
37,10,674,1004,82,40,1,2,1
37,11,1631,889,63,46,1,8,1
38,1,313,815,67,66,1,8,1
38,2,301,486,30,55,1,2,1
38,3,334,333,33,54,1,8,1
38,4,903,962,88,31,1,2,1
38,5,409,481,70,77,1,1,1
38,6,382,775,55,79,1,8,1
38,7,341,546,31,61,1,8,1
38,8,351,399,32,55,1,8,1
38,10,663,1004,86,41,1,2,1
38,11,1619,898,58,38,1,8,1
39,1,304,797,70,69,1,8,1
39,2,303,477,30,55,1,2,1
39,3,342,320,31,51,1,8,1
39,4,942,962,85,35,1,2,1
39,5,410,481,66,77,1,1,1
39,6,395,798,55,79,1,8,1
39,7,340,568,31,61,1,8,1
39,8,349,413,32,55,1,8,1
39,10,649,1002,85,37,1,2,1
39,11,1618,905,56,35,1,8,1
40,1,299,787,70,69,1,8,1
40,2,303,470,30,55,1,2,1
40,3,349,303,30,49,1,8,1
40,4,960,961,92,40,1,2,1
40,5,411,481,66,77,1,1,1
40,6,406,813,65,79,1,8,1
40,7,338,583,31,61,1,8,1
40,8,350,428,28,55,1,8,1
40,10,634,1003,85,37,1,2,1
40,11,1610,911,56,35,1,8,1
41,1,299,758,50,83,1,8,1
41,2,305,462,30,50,1,2,1
41,3,354,297,29,40,1,8,1
41,4,999,960,82,36,1,2,1
41,5,410,476,68,83,1,1,1
41,6,420,830,69,73,1,8,1
41,7,342,589,31,79,1,8,1
41,8,346,438,32,63,1,8,1
41,10,631,997,80,42,1,2,1
41,11,1602,917,56,35,1,8,1
42,1,293,742,52,91,1,8,1
42,2,302,451,33,52,1,2,1
42,3,359,288,29,40,1,8,1
42,4,1022,962,81,37,1,2,1
42,5,410,481,68,77,1,1,1
42,6,436,849,72,68,1,8,1
42,7,341,618,31,66,1,8,1
42,8,343,458,30,59,1,8,1
42,10,620,1000,79,37,1,2,1
42,11,1595,917,56,35,1,8,1
43,1,291,727,52,85,1,8,1
43,2,305,439,34,50,1,2,1
43,3,362,272,29,40,1,8,1
43,4,1053,962,84,39,1,2,1
43,5,408,480,70,80,1,1,1
43,6,463,865,74,68,1,8,1
43,7,341,640,33,69,1,8,1
43,8,341,479,34,58,1,8,1
43,10,606,997,79,37,1,2,1
43,11,1576,920,56,35,1,8,1
44,1,292,709,42,77,1,8,1
44,2,310,431,31,48,1,2,1
44,3,366,260,29,40,1,8,1
44,4,1084,957,77,33,1,2,1
44,5,409,479,68,82,1,1,1
44,6,485,879,78,62,1,8,1
44,7,344,660,31,66,1,8,1
44,8,339,500,34,54,1,8,1
44,10,595,995,79,37,1,2,1
44,11,1569,927,56,35,1,8,1
45,1,290,690,41,79,1,8,1
45,2,313,417,31,48,1,2,1
45,3,371,243,30,41,1,8,1
45,4,1113,957,81,35,1,2,1
45,5,409,478,69,81,1,1,1
45,6,508,897,86,57,1,8,1
45,7,344,667,34,79,1,8,1
45,8,340,515,33,58,1,8,1
45,10,583,989,82,43,1,2,1
45,11,1559,931,56,35,1,8,1
46,1,287,674,44,91,1,8,1
46,2,311,398,34,57,1,2,1
46,3,375,231,29,39,1,8,1
46,4,1135,954,81,40,1,2,1
46,5,410,479,67,81,1,1,1
46,6,536,908,88,56,1,8,1
46,7,348,694,33,69,1,8,1
46,8,337,535,35,59,1,8,1
46,10,572,990,79,39,1,2,1
46,11,1556,931,56,35,1,8,1
47,1,287,650,39,80,1,8,1
47,2,322,393,29,48,1,2,1
47,3,379,222,28,38,1,8,1
47,4,1171,954,79,34,1,2,1
47,5,410,480,68,81,1,1,1
47,6,576,917,87,55,1,8,1
47,7,350,713,37,75,1,8,1
47,8,338,559,35,61,1,8,1
47,10,558,990,79,37,1,2,1
47,11,1532,934,60,35,1,8,1
48,1,283,631,43,73,1,8,1
48,2,324,381,29,45,1,2,1
48,3,385,208,26,36,1,8,1
48,4,1187,952,89,41,1,2,1
48,5,409,478,69,81,1,1,1
48,6,626,925,69,65,1,8,1
48,7,359,732,34,73,1,8,1
48,8,337,577,35,61,1,8,1
48,10,541,986,79,37,1,2,1
48,11,1513,935,60,35,1,8,1
49,1,285,616,37,71,1,8,1
49,2,323,362,34,48,1,2,1
49,3,391,197,26,36,1,8,1
49,4,1221,947,75,41,1,2,1
49,5,408,479,70,81,1,1,1
49,6,641,936,91,47,1,8,1
49,7,355,738,46,78,1,8,1
49,8,338,581,32,73,1,8,1
49,10,526,974,79,47,1,2,1
49,11,1503,940,60,35,1,8,1
50,2,332,356,29,43,1,2,1
50,3,394,189,26,36,1,8,1
50,4,1241,945,79,36,1,2,1
50,5,408,480,73,81,1,1,1
50,6,680,943,92,39,1,8,1
50,7,363,754,45,81,1,8,1
50,8,336,614,32,64,1,8,1
50,10,506,972,79,42,1,2,1
50,1,281,600,40,71,1,8,1
50,11,1495,943,60,35,1,8,1
51,2,338,343,28,41,1,2,1
51,3,397,177,26,36,1,8,1
51,5,408,480,67,81,1,1,1
51,6,730,954,92,42,1,8,1
51,7,376,776,45,81,1,8,1
51,8,338,635,32,68,1,8,1
51,10,488,961,75,46,1,2,1
51,1,282,586,35,65,1,8,1
51,4,1265,945,79,36,1,2,1
51,11,1473,946,78,36,1,8,1
52,2,340,329,28,41,1,2,1
52,3,405,167,26,36,1,8,1
52,5,412,486,67,81,1,1,1
52,6,763,951,100,42,1,8,1
52,7,370,776,66,90,1,8,1
52,8,337,654,32,68,1,8,1
52,10,469,952,75,46,1,2,1
52,1,286,561,36,72,1,8,1
52,4,1284,939,79,36,1,2,1
52,11,1463,946,78,36,1,8,1
53,2,341,319,33,41,1,2,1
53,3,410,155,30,34,1,8,1
53,5,414,486,62,88,1,1,1
53,6,808,955,96,39,1,8,1
53,7,379,793,66,84,1,8,1
53,8,340,661,32,79,1,8,1
53,10,452,941,75,52,1,2,1
53,1,287,547,35,69,1,8,1
53,4,1314,938,68,36,1,2,1
53,11,1445,955,78,36,1,8,1
54,2,346,307,28,41,1,2,1
54,3,417,148,25,34,1,8,1
54,5,415,491,59,88,1,1,1
54,6,841,955,100,42,1,8,1
54,7,387,805,69,86,1,8,1
54,8,339,678,38,81,1,8,1
54,10,439,934,70,51,1,2,1
54,1,286,528,38,75,1,8,1
54,4,1325,938,75,34,1,2,1
54,11,1425,959,78,36,1,8,1
55,2,352,295,30,40,1,2,1
55,3,428,137,25,34,1,8,1
55,5,417,494,53,88,1,1,1
55,6,892,956,98,35,1,8,1
55,7,402,820,69,82,1,8,1
55,8,344,699,40,83,1,8,1
55,10,422,922,70,51,1,2,1
55,1,289,512,36,75,1,8,1
55,11,1401,965,80,36,1,8,1
55,4,1334,938,75,34,1,2,1
56,2,358,283,27,39,1,2,1
56,3,434,127,31,33,1,8,1
56,5,417,499,53,90,1,1,1
56,6,924,958,100,40,1,8,1
56,7,416,847,72,73,1,8,1
56,8,345,719,42,76,1,8,1
56,10,399,908,75,59,1,2,1
56,1,291,497,38,64,1,8,1
56,11,1384,966,84,39,1,8,1
56,4,1375,928,75,34,1,2,1
57,2,360,274,27,37,1,2,1
57,3,442,121,28,26,1,8,1
57,5,423,502,43,91,1,1,1
57,6,971,958,93,36,1,8,1
57,7,428,857,78,70,1,8,1
57,8,351,735,47,81,1,8,1
57,10,388,895,69,62,1,2,1
57,1,294,490,35,56,1,8,1
57,11,1366,967,84,41,1,8,1
57,4,1389,927,75,34,1,2,1
57,12,1720,731,28,59,1,2,1
58,2,366,265,25,37,1,2,1
58,3,450,117,28,26,1,8,1
58,5,422,508,41,92,1,1,1
58,6,1002,960,93,36,1,8,1
58,7,455,876,69,63,1,8,1
58,8,355,754,50,80,1,8,1
58,10,376,883,67,62,1,2,1
58,1,297,473,29,58,1,8,1
58,11,1339,974,83,38,1,8,1
58,4,1402,923,75,34,1,2,1
58,12,1717,742,30,56,1,2,1
59,2,369,249,27,38,1,2,1
59,3,459,106,28,26,1,8,1
59,5,422,513,36,93,1,1,1
59,6,1043,959,92,38,1,8,1
59,7,464,886,81,61,1,8,1
59,8,362,766,61,82,1,8,1
59,10,362,865,61,66,1,2,1
59,1,301,459,31,62,1,8,1
59,11,1311,979,91,41,1,8,1
59,4,1407,924,75,34,1,2,1
59,12,1718,750,30,56,1,2,1
60,2,373,240,27,38,1,2,1
60,3,470,100,28,26,1,8,1
60,5,418,515,40,93,1,1,1
60,6,1075,952,97,40,1,8,1
60,7,482,891,82,59,1,8,1
60,8,378,786,50,78,1,8,1
60,10,352,854,59,62,1,2,1
60,1,302,450,29,61,1,8,1
60,11,1291,979,78,42,1,8,1
60,12,1717,760,31,52,1,2,1
60,4,1421,919,77,38,1,2,1
61,2,374,231,30,38,1,2,1
61,3,478,90,32,26,1,8,1
61,5,415,520,45,94,1,1,1
61,6,1115,953,83,37,1,8,1
61,7,504,909,88,59,1,8,1
61,8,383,806,62,74,1,8,1
61,10,339,839,59,62,1,2,1
61,1,302,436,29,61,1,8,1
61,11,1268,986,75,39,1,8,1
61,12,1720,769,27,52,1,2,1
61,4,1432,918,77,38,1,2,1
62,2,380,222,27,38,1,2,1
62,3,486,82,32,26,1,8,1
62,5,413,523,46,97,1,1,1
62,6,1139,950,87,38,1,8,1
62,7,528,919,88,53,1,8,1
62,8,395,820,66,75,1,8,1
62,10,331,817,56,69,1,2,1
62,1,307,419,33,54,1,8,1
62,11,1247,986,80,45,1,8,1
62,12,1713,777,32,55,1,2,1
62,4,1448,910,69,41,1,2,1
63,2,383,215,27,38,1,2,1
63,3,496,74,32,26,1,8,1
63,5,412,529,42,93,1,1,1
63,6,1170,950,90,37,1,8,1
63,7,536,925,110,53,1,8,1
63,8,415,842,65,68,1,8,1
63,10,320,806,59,62,1,2,1
63,1,311,409,31,47,1,8,1
63,11,1217,998,80,40,1,8,1
63,12,1715,790,29,52,1,2,1
63,4,1449,913,77,40,1,2,1
64,2,385,203,28,32,1,2,1
64,3,508,71,32,26,1,8,1
64,5,403,531,49,93,1,1,1
64,6,1202,947,90,40,1,8,1
64,7,573,931,102,53,1,8,1
64,8,412,847,86,69,1,8,1
64,10,311,776,50,70,1,2,1
64,1,314,388,34,49,1,8,1
64,11,1195,1001,80,37,1,8,1
64,4,1473,902,75,31,1,2,1
64,12,1713,797,29,52,1,2,1
65,2,389,195,29,34,1,2,1
65,5,399,531,59,96,1,1,1
65,6,1233,942,81,38,1,8,1
65,7,605,938,97,50,1,8,1
65,8,427,859,90,76,1,8,1
65,10,307,754,43,70,1,2,1
65,1,319,378,31,49,1,8,1
65,11,1163,1003,77,38,1,8,1
65,4,1480,902,69,34,1,2,1
65,12,1706,804,35,58,1,2,1
66,2,396,187,28,29,1,2,1
66,5,398,536,59,94,1,1,1
66,6,1262,941,77,35,1,8,1
66,7,636,946,97,46,1,8,1
66,8,451,874,87,64,1,8,1
66,10,303,732,41,74,1,2,1
66,1,320,371,31,42,1,8,1
66,11,1134,1006,91,40,1,8,1
66,4,1492,902,64,34,1,2,1
66,12,1705,812,32,57,1,2,1
67,2,397,176,31,34,1,2,1
67,5,393,539,61,93,1,1,1
67,6,1279,939,82,40,1,8,1
67,7,670,951,97,40,1,8,1
67,8,477,886,83,69,1,8,1
67,10,300,714,41,62,1,2,1
67,1,328,353,27,41,1,8,1
67,11,1104,1009,95,42,1,8,1
67,4,1501,903,63,30,1,2,1
67,12,1694,823,42,62,1,2,1
68,2,403,166,29,36,1,2,1
68,5,390,541,63,90,1,1,1
68,6,1312,936,74,38,1,8,1
68,7,702,954,97,44,1,8,1
68,8,491,904,92,55,1,8,1
68,10,296,687,37,69,1,2,1
68,1,328,343,32,40,1,8,1
68,11,1083,1013,90,40,1,8,1
68,4,1504,904,63,30,1,2,1
68,12,1689,829,48,60,1,2,1
69,2,406,157,29,36,1,2,1
69,5,390,542,60,90,1,1,1
69,6,1334,934,68,36,1,8,1
69,7,739,955,92,40,1,8,1
69,8,514,908,92,60,1,8,1
69,10,295,664,37,69,1,2,1
69,1,332,329,32,43,1,8,1
69,11,1046,1013,101,40,1,8,1
69,4,1510,899,63,35,1,2,1
69,12,1685,844,43,55,1,2,1
70,2,411,152,29,36,1,2,1
70,5,387,542,65,93,1,1,1
70,7,773,960,93,37,1,8,1
70,8,539,920,94,52,1,8,1
70,10,294,643,33,65,1,2,1
70,1,338,316,32,43,1,8,1
70,11,1014,1015,95,41,1,8,1
70,4,1509,900,63,35,1,2,1
70,12,1687,849,34,56,1,2,1
70,6,1359,927,71,38,1,8,1
71,2,416,144,29,36,1,2,1
71,5,385,543,67,92,1,1,1
71,7,801,959,92,38,1,8,1
71,8,567,929,92,54,1,8,1
71,10,294,616,31,64,1,2,1
71,1,342,303,32,43,1,8,1
71,11,975,1019,107,43,1,8,1
71,4,1518,899,63,34,1,2,1
71,12,1681,854,40,57,1,2,1
71,6,1380,923,71,38,1,8,1
72,2,422,136,29,36,1,2,1
72,5,383,548,68,90,1,1,1
72,7,848,958,91,41,1,8,1
72,8,595,936,87,46,1,8,1
72,10,296,595,29,66,1,2,1
72,1,348,295,30,37,1,8,1
72,11,948,1022,98,41,1,8,1
72,4,1525,894,63,37,1,2,1
72,12,1666,867,53,54,1,2,1
72,6,1395,926,71,38,1,8,1
73,2,428,126,29,36,1,2,1
73,5,380,546,68,91,1,1,1
73,7,880,962,95,35,1,8,1
73,8,625,942,89,49,1,8,1
73,10,296,577,29,63,1,2,1
73,1,351,281,30,41,1,8,1
73,11,918,1025,94,36,1,8,1
73,4,1530,892,64,36,1,2,1
73,12,1661,875,50,54,1,2,1
73,6,1401,923,71,36,1,8,1
74,2,434,120,29,36,1,2,1
74,5,377,549,73,89,1,1,1
74,7,916,958,95,38,1,8,1
74,8,649,946,92,44,1,8,1
74,10,297,559,28,62,1,2,1
74,1,357,268,30,41,1,8,1
74,11,887,1024,97,37,1,8,1
74,4,1536,890,64,38,1,2,1
74,12,1651,883,49,50,1,2,1
74,6,1412,917,70,38,1,8,1
75,2,441,115,36,30,1,2,1
75,5,376,553,68,85,1,1,1
75,7,947,961,92,36,1,8,1
75,8,676,953,97,45,1,8,1
75,10,297,539,32,63,1,2,1
75,1,362,259,28,36,1,8,1
75,11,849,1024,105,42,1,8,1
75,4,1541,890,64,37,1,2,1
75,12,1647,888,45,54,1,2,1
75,6,1424,920,71,36,1,8,1
76,2,446,109,36,30,1,2,1
76,5,373,555,68,85,1,1,1
76,7,983,958,93,38,1,8,1
76,8,705,957,97,42,1,8,1
76,10,297,523,32,63,1,2,1
76,1,364,249,30,35,1,8,1
76,11,815,1023,107,43,1,8,1
76,4,1544,888,71,38,1,2,1
76,12,1638,892,49,44,1,2,1
76,6,1432,916,66,36,1,8,1
77,2,453,104,36,28,1,2,1
77,5,367,552,76,87,1,1,1
77,7,1022,960,84,34,1,8,1
77,8,736,958,93,42,1,8,1
77,10,298,504,33,66,1,2,1
77,1,371,239,26,33,1,8,1
77,11,790,1022,96,37,1,8,1
77,4,1562,886,58,36,1,2,1
77,12,1627,906,47,34,1,2,1
77,6,1439,917,63,32,1,8,1
78,2,462,97,36,30,1,2,1
78,5,366,557,75,79,1,1,1
78,7,1046,959,92,36,1,8,1
78,8,769,960,93,39,1,8,1
78,10,299,495,32,53,1,2,1
78,1,373,227,30,36,1,8,1
78,11,765,1024,97,40,1,8,1
78,4,1563,883,56,36,1,2,1
78,12,1614,911,53,39,1,2,1
78,6,1448,912,68,29,1,8,1
79,2,471,90,36,27,1,2,1
79,5,362,557,79,84,1,1,1
79,7,1080,958,92,36,1,8,1
79,8,804,961,94,41,1,8,1
79,10,302,480,30,50,1,2,1
79,1,378,219,30,36,1,8,1
79,11,726,1017,102,42,1,8,1
79,4,1574,882,56,36,1,2,1
79,6,1453,911,68,30,1,8,1
79,12,1604,914,53,39,1,2,1
80,5,358,558,81,82,1,1,1
80,7,1115,955,82,35,1,8,1
80,8,839,967,85,33,1,8,1
80,10,303,460,30,55,1,2,1
80,1,382,206,30,36,1,8,1
80,11,705,1017,97,40,1,8,1
80,4,1579,879,58,35,1,2,1
80,6,1457,909,64,34,1,8,1
80,2,474,85,38,27,1,2,1
80,12,1594,918,53,39,1,2,1
81,5,357,560,78,82,1,1,1
81,7,1143,953,78,34,1,8,1
81,8,872,968,89,33,1,8,1
81,10,306,447,30,55,1,2,1
81,1,384,199,29,34,1,8,1
81,11,680,1016,92,36,1,8,1
81,4,1592,878,50,32,1,2,1
81,6,1466,909,60,31,1,8,1
81,2,481,77,38,27,1,2,1
81,12,1580,925,59,39,1,2,1
82,5,353,563,79,76,1,1,1
82,7,1165,956,87,34,1,8,1
82,8,900,970,93,35,1,8,1
82,10,311,431,29,49,1,2,1
82,1,390,193,27,31,1,8,1
82,11,658,1013,97,38,1,8,1
82,4,1598,878,53,32,1,2,1
82,6,1473,908,62,27,1,8,1
82,2,491,73,38,27,1,2,1
82,12,1569,927,59,39,1,2,1
83,5,346,566,81,72,1,1,1
83,7,1200,951,83,34,1,8,1
83,8,941,967,90,35,1,8,1
83,10,316,411,28,47,1,2,1
83,1,394,183,26,30,1,8,1
83,11,633,1009,97,38,1,8,1
83,4,1601,872,54,37,1,2,1
83,6,1482,908,62,27,1,8,1
83,2,502,68,39,26,1,2,1
83,12,1561,928,59,39,1,2,1
84,5,341,566,81,72,1,1,1
84,7,1222,950,83,34,1,8,1
84,8,970,968,90,35,1,8,1
84,10,320,399,28,47,1,2,1
84,1,396,178,26,30,1,8,1
84,11,620,1008,92,36,1,8,1
84,4,1614,868,46,39,1,2,1
84,6,1486,908,62,27,1,8,1
84,12,1564,929,59,39,1,2,1
85,5,334,573,83,62,1,1,1
85,7,1253,947,76,30,1,8,1
85,8,1002,965,88,33,1,8,1
85,10,324,379,31,44,1,2,1
85,1,398,169,27,30,1,8,1
85,11,602,1005,92,36,1,8,1
85,4,1621,864,41,36,1,2,1
85,6,1492,907,59,27,1,8,1
85,12,1530,927,82,42,1,2,1
86,5,329,575,83,57,1,1,1
86,7,1274,946,73,30,1,8,1
86,8,1030,965,90,31,1,8,1
86,10,328,365,35,44,1,2,1
86,1,404,164,27,30,1,8,1
86,11,588,1001,92,36,1,8,1
86,4,1622,859,46,40,1,2,1
86,6,1498,908,59,27,1,8,1
86,12,1522,936,82,42,1,2,1
87,5,323,577,82,50,1,1,1
87,7,1301,939,67,34,1,8,1
87,8,1066,962,88,33,1,8,1
87,10,334,353,31,40,1,2,1
87,1,407,155,27,30,1,8,1
87,11,573,999,92,36,1,8,1
87,4,1631,849,43,44,1,2,1
87,6,1503,908,56,26,1,8,1
87,12,1507,941,61,40,1,2,1
88,5,317,579,76,44,1,1,1
88,7,1323,938,67,34,1,8,1
88,8,1101,959,78,36,1,8,1
88,10,342,341,30,38,1,2,1
88,1,413,148,29,29,1,8,1
88,11,556,995,92,36,1,8,1
88,4,1635,843,43,44,1,2,1
88,6,1510,902,61,32,1,8,1
88,12,1497,943,61,40,1,2,1
88,13,1717,689,32,91,1,7,1
89,5,313,578,76,44,1,1,1
89,7,1336,935,60,34,1,8,1
89,8,1124,956,78,34,1,8,1
89,10,345,324,33,40,1,2,1
89,1,419,139,30,30,1,8,1
89,11,546,985,86,48,1,8,1
89,4,1647,831,38,47,1,2,1
89,6,1512,900,61,34,1,8,1
89,12,1484,948,65,38,1,2,1
89,13,1714,698,35,93,1,7,1
90,5,309,573,76,50,1,1,1
90,7,1355,929,73,37,1,8,1
90,8,1149,954,78,36,1,8,1
90,10,349,308,33,48,1,2,1
90,1,424,137,30,30,1,8,1
90,11,529,981,86,50,1,8,1
90,4,1647,823,39,51,1,2,1
90,6,1519,896,57,35,1,8,1
90,12,1468,954,71,33,1,2,1
90,13,1717,705,36,93,1,7,1
91,5,306,568,72,54,1,1,1
91,8,1183,950,74,38,1,8,1
91,10,355,293,29,40,1,2,1
91,1,433,126,30,30,1,8,1
91,11,509,974,89,50,1,8,1
91,6,1522,899,61,32,1,8,1
91,12,1451,958,66,34,1,2,1
91,13,1713,721,36,87,1,7,1
91,4,1656,808,35,55,1,2,1
91,7,1373,929,71,37,1,8,1
92,5,301,564,72,51,1,1,1
92,8,1206,949,78,33,1,8,1
92,10,360,285,29,37,1,2,1
92,1,439,120,30,30,1,8,1
92,11,497,971,81,50,1,8,1
92,6,1534,895,57,35,1,8,1
92,12,1434,962,68,33,1,2,1
92,13,1713,730,39,87,1,7,1
92,4,1657,800,39,52,1,2,1
92,7,1389,923,73,37,1,8,1
93,5,298,557,72,58,1,1,1
93,8,1232,944,75,36,1,8,1
93,10,366,272,28,35,1,2,1
93,1,446,113,29,29,1,8,1
93,11,480,960,80,51,1,8,1
93,6,1537,891,58,38,1,8,1
93,12,1422,966,67,33,1,2,1
93,13,1712,741,39,86,1,7,1
93,4,1663,792,38,50,1,2,1
93,7,1405,922,73,37,1,8,1
94,5,294,550,69,61,1,1,1
94,8,1256,943,76,31,1,8,1
94,10,371,258,28,35,1,2,1
94,1,452,108,29,29,1,8,1
94,11,464,963,80,40,1,8,1
94,6,1545,890,58,38,1,8,1
94,12,1402,964,70,36,1,2,1
94,13,1711,751,39,84,1,7,1
94,4,1670,784,33,48,1,2,1
94,7,1416,922,70,35,1,8,1
95,5,294,544,64,61,1,1,1
95,8,1279,941,79,32,1,8,1
95,10,373,243,28,35,1,2,1
95,1,462,100,29,29,1,8,1
95,11,439,944,83,54,1,8,1
95,6,1553,891,58,32,1,8,1
95,12,1382,968,70,36,1,2,1
95,13,1712,758,36,85,1,7,1
95,4,1671,770,33,48,1,2,1
95,7,1431,915,73,37,1,8,1
96,5,297,530,53,68,1,1,1
96,8,1297,937,79,32,1,8,1
96,10,376,234,28,35,1,2,1
96,1,472,94,29,29,1,8,1
96,11,423,933,83,54,1,8,1
96,6,1558,890,64,32,1,8,1
96,12,1364,972,70,36,1,2,1
96,13,1708,770,39,85,1,7,1
96,7,1446,911,72,34,1,8,1
97,5,299,521,49,74,1,1,1
97,8,1323,936,72,30,1,8,1
97,10,380,224,28,35,1,2,1
97,1,478,86,29,29,1,8,1
97,11,408,920,80,58,1,8,1
97,6,1572,884,52,32,1,8,1
97,12,1344,974,70,38,1,2,1
97,13,1701,781,45,88,1,7,1
97,7,1460,913,65,23,1,8,1
98,5,301,508,42,77,1,1,1
98,8,1345,930,67,33,1,8,1
98,10,382,216,28,35,1,2,1
98,1,486,80,29,29,1,8,1
98,11,391,904,80,62,1,8,1
98,6,1575,883,59,32,1,8,1
98,12,1318,976,76,37,1,2,1
98,13,1699,792,44,86,1,7,1
98,7,1473,912,60,24,1,8,1
99,5,302,499,39,72,1,1,1
99,10,385,204,29,34,1,2,1
99,1,493,74,29,29,1,8,1
99,11,378,892,69,59,1,8,1
99,6,1585,876,65,37,1,8,1
99,12,1300,978,75,36,1,2,1
99,13,1690,807,52,82,1,7,1
99,7,1481,906,66,28,1,8,1
99,8,1370,928,67,33,1,8,1
100,5,303,491,36,68,1,1,1
100,10,390,192,29,34,1,2,1
100,1,503,69,29,29,1,8,1
100,11,358,878,69,59,1,8,1
100,6,1596,872,59,37,1,8,1
100,12,1282,985,71,34,1,2,1
100,13,1687,813,52,82,1,7,1
100,7,1492,904,66,32,1,8,1
100,8,1383,929,67,33,1,8,1
101,5,304,480,33,71,1,1,1
101,10,393,184,29,34,1,2,1
101,11,350,871,69,59,1,8,1
101,6,1607,865,51,41,1,8,1
101,12,1262,986,71,34,1,2,1
101,13,1682,822,53,87,1,7,1
101,7,1504,901,58,34,1,8,1
101,1,509,64,33,27,1,8,1
101,8,1395,927,67,33,1,8,1
102,5,304,468,34,65,1,1,1
102,10,399,174,29,34,1,2,1
102,11,338,848,69,59,1,8,1
102,6,1615,858,51,44,1,8,1
102,12,1239,991,71,34,1,2,1
102,13,1675,832,57,85,1,7,1
102,7,1510,899,64,35,1,8,1
102,8,1405,920,67,33,1,8,1
103,5,308,451,34,65,1,1,1
103,10,404,164,29,34,1,2,1
103,11,328,830,61,66,1,8,1
103,6,1622,851,51,44,1,8,1
103,12,1210,991,79,38,1,2,1
103,13,1668,838,61,87,1,7,1
103,7,1519,896,64,35,1,8,1
103,8,1421,919,67,33,1,8,1
104,5,308,438,35,70,1,1,1
104,10,407,155,29,34,1,2,1
104,11,316,808,62,77,1,8,1
104,6,1635,838,42,48,1,8,1
104,12,1188,994,83,37,1,2,1
104,13,1661,844,63,89,1,7,1
104,7,1530,891,54,37,1,8,1
104,8,1432,919,67,33,1,8,1
105,5,311,425,34,65,1,1,1
105,10,411,146,29,34,1,2,1
105,11,309,794,53,72,1,8,1
105,6,1647,835,40,43,1,8,1
105,12,1168,997,86,34,1,2,1
105,13,1654,855,68,84,1,7,1
105,7,1533,891,61,35,1,8,1
105,8,1438,917,71,33,1,8,1
106,5,314,412,35,66,1,1,1
106,10,422,137,29,34,1,2,1
106,11,309,785,50,69,1,8,1
106,6,1650,817,40,51,1,8,1
106,12,1142,999,90,37,1,2,1
106,13,1644,869,70,73,1,7,1
106,7,1539,889,61,35,1,8,1
106,8,1458,913,62,35,1,8,1
107,5,319,397,33,59,1,1,1
107,10,428,129,31,32,1,2,1
107,11,302,763,44,69,1,8,1
107,6,1655,803,38,51,1,8,1
107,12,1115,1000,90,37,1,2,1
107,13,1643,873,65,63,1,7,1
107,7,1550,888,61,35,1,8,1
107,8,1459,910,75,35,1,8,1
108,5,320,382,36,62,1,1,1
108,10,432,119,31,32,1,2,1
108,11,296,741,43,69,1,8,1
108,6,1658,792,38,51,1,8,1
108,12,1098,999,84,37,1,2,1
108,13,1635,878,67,64,1,7,1
108,7,1557,885,56,35,1,8,1
108,8,1478,908,64,31,1,8,1
109,5,328,367,32,56,1,1,1
109,10,442,117,33,27,1,2,1
109,11,297,730,38,67,1,8,1
109,6,1664,782,38,51,1,8,1
109,12,1070,1004,88,39,1,2,1
109,13,1626,880,71,54,1,7,1
109,7,1564,888,58,33,1,8,1
109,8,1486,908,64,25,1,8,1
110,5,329,353,32,56,1,1,1
110,11,293,706,34,65,1,8,1
110,6,1670,769,38,51,1,8,1
110,12,1052,1005,88,38,1,2,1
110,13,1625,885,68,48,1,7,1
110,7,1568,884,58,33,1,8,1
110,8,1495,907,58,25,1,8,1
110,14,514,81,33,29,1,8,1
110,10,450,111,33,27,1,2,1
111,5,333,336,32,56,1,1,1
111,11,290,681,34,63,1,8,1
111,6,1672,756,38,51,1,8,1
111,12,1025,1006,88,38,1,2,1
111,13,1617,890,68,48,1,7,1
111,7,1575,881,54,37,1,8,1
111,8,1502,903,55,29,1,8,1
111,14,504,87,32,32,1,8,1
111,10,460,100,33,28,1,2,1
112,5,337,322,33,59,1,1,1
112,11,289,661,34,63,1,8,1
112,12,1003,1007,84,36,1,2,1
112,13,1605,901,69,45,1,7,1
112,7,1592,878,51,34,1,8,1
112,8,1507,901,60,33,1,8,1
112,14,498,91,32,32,1,8,1
112,10,464,93,32,28,1,2,1
113,5,342,309,33,55,1,1,1
113,11,289,644,34,63,1,8,1
113,12,978,1009,84,36,1,2,1
113,7,1598,869,51,37,1,8,1
113,8,1516,900,60,33,1,8,1
113,14,484,102,37,33,1,8,1
113,13,1598,900,69,53,1,7,1
113,10,475,92,27,25,1,2,1
114,11,290,621,34,63,1,8,1
114,12,952,1012,89,36,1,2,1
114,7,1604,868,51,37,1,8,1
114,8,1522,899,60,33,1,8,1
114,14,477,110,37,30,1,8,1
114,5,344,298,34,55,1,1,1
114,13,1591,906,69,53,1,7,1
114,10,487,79,30,26,1,2,1
115,11,290,596,34,59,1,8,1
115,12,922,1011,89,38,1,2,1
115,7,1612,867,51,37,1,8,1
115,8,1533,895,56,34,1,8,1
115,14,467,120,35,31,1,8,1
115,5,347,290,34,50,1,1,1
115,13,1576,912,77,53,1,7,1
115,10,494,74,30,26,1,2,1
116,11,290,567,33,70,1,8,1
116,12,897,1012,89,37,1,2,1
116,7,1623,863,45,37,1,8,1
116,8,1541,895,56,34,1,8,1
116,14,459,126,35,31,1,8,1
116,5,352,273,36,53,1,1,1
116,13,1561,914,82,53,1,7,1
117,11,289,560,32,56,1,8,1
117,12,872,1014,89,37,1,2,1
117,7,1623,864,51,37,1,8,1
117,8,1546,895,56,34,1,8,1
117,14,455,133,35,31,1,8,1
117,5,357,259,34,50,1,1,1
117,13,1558,916,77,53,1,7,1
118,11,290,545,32,56,1,8,1
118,12,848,1012,89,37,1,2,1
118,7,1636,855,49,35,1,8,1
118,8,1560,886,52,34,1,8,1
118,14,445,142,35,31,1,8,1
118,5,362,245,34,50,1,1,1
118,13,1551,920,77,53,1,7,1
119,11,291,523,32,56,1,8,1
119,12,822,1012,86,37,1,2,1
119,7,1644,853,48,35,1,8,1
119,8,1567,884,52,34,1,8,1
119,14,442,152,35,31,1,8,1
119,5,367,232,34,50,1,1,1
119,13,1510,922,106,59,1,7,1
120,11,295,499,29,60,1,8,1
120,12,799,1009,86,37,1,2,1
120,7,1647,855,48,31,1,8,1
120,8,1578,881,52,34,1,8,1
120,14,435,153,33,42,1,8,1
120,5,371,222,36,50,1,1,1
120,13,1494,928,102,57,1,7,1
121,11,297,493,27,50,1,8,1
121,12,776,1007,86,37,1,2,1
121,7,1657,855,46,30,1,8,1
121,8,1590,877,52,34,1,8,1
121,14,426,170,35,31,1,8,1
121,5,377,211,34,50,1,1,1
121,13,1485,931,102,57,1,7,1
122,11,298,481,28,52,1,8,1
122,12,752,1005,90,39,1,2,1
122,7,1655,852,46,30,1,8,1
122,8,1596,872,48,35,1,8,1
122,14,424,180,31,31,1,8,1
122,5,380,198,34,50,1,1,1
122,13,1467,933,103,60,1,7,1
123,11,301,464,28,52,1,8,1
123,12,727,1005,88,40,1,2,1
123,7,1665,851,46,31,1,8,1
123,8,1611,862,42,43,1,8,1
123,14,419,191,31,31,1,8,1
123,5,386,187,34,47,1,1,1
123,13,1450,933,110,64,1,7,1
124,11,303,454,28,52,1,8,1
124,12,705,1000,88,40,1,2,1
124,7,1673,849,46,31,1,8,1
124,8,1617,856,43,45,1,8,1
124,14,416,197,31,37,1,8,1
124,5,390,175,31,47,1,1,1
124,13,1434,935,113,67,1,7,1
125,11,305,445,27,50,1,8,1
125,12,685,1001,88,40,1,2,1
125,7,1678,848,46,31,1,8,1
125,8,1626,847,43,41,1,8,1
125,14,413,210,28,37,1,8,1
125,5,393,164,36,47,1,1,1
125,13,1418,945,108,60,1,7,1
126,11,310,429,28,50,1,8,1
126,12,667,998,87,40,1,2,1
126,7,1685,847,46,31,1,8,1
126,8,1634,838,43,44,1,8,1
126,14,411,222,28,37,1,8,1
126,5,402,156,36,47,1,1,1
126,13,1398,948,117,61,1,7,1
127,11,313,415,28,50,1,8,1
127,12,647,992,84,42,1,2,1
127,7,1687,846,46,31,1,8,1
127,8,1640,829,43,44,1,8,1
127,14,403,234,28,37,1,8,1
127,5,410,147,36,47,1,1,1
127,13,1375,965,111,48,1,7,1
128,11,317,400,27,48,1,8,1
128,12,630,990,85,42,1,2,1
128,8,1648,813,41,46,1,8,1
128,14,399,245,29,44,1,8,1
128,5,414,135,36,47,1,1,1
128,13,1358,961,111,53,1,7,1
128,7,1697,845,44,29,1,8,1
129,11,321,392,27,48,1,8,1
129,12,614,987,82,42,1,2,1
129,8,1659,800,36,48,1,8,1
129,14,395,261,28,37,1,8,1
129,5,421,128,34,45,1,1,1
129,13,1338,965,116,53,1,7,1
129,7,1706,841,47,30,1,8,1
130,11,327,372,27,48,1,8,1
130,12,593,986,87,43,1,2,1
130,8,1664,787,37,49,1,8,1
130,14,389,275,28,37,1,8,1
130,5,429,119,33,43,1,1,1
130,13,1316,965,119,56,1,7,1
130,7,1708,840,47,29,1,8,1
131,11,331,360,28,50,1,8,1
131,12,577,984,87,43,1,2,1
131,8,1666,777,37,49,1,8,1
131,14,382,286,28,45,1,8,1
131,5,439,111,31,41,1,1,1
131,13,1293,972,122,55,1,7,1
131,7,1716,840,47,29,1,8,1
131,16,483,69,67,62,1,5,1
132,11,334,342,30,47,1,8,1
132,12,562,980,83,41,1,2,1
132,8,1672,759,33,53,1,8,1
132,14,376,303,30,44,1,8,1
132,5,446,104,30,39,1,1,1
132,13,1272,973,120,56,1,7,1
132,7,1722,839,45,27,1,8,1
132,15,1720,709,29,51,1,8,1
132,16,472,76,69,61,1,5,1
133,11,337,334,30,42,1,8,1
133,12,547,977,83,41,1,2,1
133,8,1675,758,32,46,1,8,1
133,14,373,313,31,48,1,8,1
133,5,450,95,38,41,1,1,1
133,13,1250,973,126,58,1,7,1
133,7,1725,839,47,29,1,8,1
133,15,1721,719,25,49,1,8,1
133,16,472,80,69,61,1,5,1
134,11,340,319,29,44,1,8,1
134,12,528,972,83,43,1,2,1
134,8,1679,751,30,47,1,8,1
134,14,364,324,35,54,1,8,1
134,5,455,92,38,36,1,1,1
134,13,1231,980,123,53,1,7,1
134,7,1735,836,47,29,1,8,1
134,15,1719,728,28,49,1,8,1
134,16,469,83,69,61,1,5,1
135,11,346,312,28,37,1,8,1
135,12,511,969,83,43,1,2,1
135,14,360,337,37,60,1,8,1
135,5,470,83,41,34,1,1,1
135,13,1205,980,128,61,1,7,1
135,7,1736,837,47,27,1,8,1
135,15,1719,740,28,49,1,8,1
135,16,449,99,69,61,1,5,1
136,11,348,292,35,46,1,8,1
136,12,491,954,82,52,1,2,1
136,14,355,362,35,56,1,8,1
136,5,481,73,47,35,1,1,1
136,13,1180,986,130,58,1,7,1
136,7,1744,838,47,27,1,8,1
136,15,1720,745,28,49,1,8,1
136,16,435,113,69,61,1,5,1
137,11,352,280,32,43,1,8,1
137,12,476,947,75,53,1,2,1
137,14,349,383,35,54,1,8,1
137,5,491,69,47,31,1,1,1
137,13,1158,986,136,61,1,7,1
137,7,1752,837,38,27,1,8,1
137,15,1720,744,27,60,1,8,1
137,16,428,121,69,62,1,5,1
138,11,355,269,33,43,1,8,1
138,12,464,942,80,53,1,2,1
138,14,345,400,32,60,1,8,1
138,5,497,66,51,30,1,1,1
138,13,1132,988,137,57,1,7,1
138,7,1761,838,47,27,1,8,1
138,15,1718,761,27,47,1,8,1
138,16,417,136,69,62,1,5,1
139,11,358,261,33,36,1,8,1
139,12,437,920,69,57,1,2,1
139,14,343,424,30,57,1,8,1
139,13,1106,991,141,55,1,7,1
139,7,1755,833,44,29,1,8,1
139,15,1716,768,28,47,1,8,1
139,16,417,137,50,76,1,5,1
140,11,366,250,26,40,1,8,1
140,12,417,910,79,61,1,2,1
140,14,339,442,32,60,1,8,1
140,13,1083,993,143,53,1,7,1
140,15,1718,776,28,47,1,8,1
140,16,413,146,48,76,1,5,1
141,11,370,241,26,40,1,8,1
141,12,405,902,73,58,1,2,1
141,14,337,463,29,60,1,8,1
141,13,1061,996,141,54,1,7,1
141,15,1713,780,30,56,1,8,1
141,16,411,166,45,68,1,5,1
142,11,374,235,25,38,1,8,1
142,12,391,891,73,58,1,2,1
142,14,338,485,28,60,1,8,1
142,13,1038,1000,138,52,1,7,1
142,15,1712,787,30,56,1,8,1
142,16,404,182,43,66,1,5,1
143,11,377,222,25,38,1,8,1
143,12,376,878,69,58,1,2,1
143,14,336,512,30,60,1,8,1
143,13,1008,1002,147,48,1,7,1
143,15,1709,800,30,56,1,8,1
143,16,398,196,43,66,1,5,1
144,11,380,215,26,40,1,8,1
144,12,367,861,67,66,1,2,1
144,14,334,527,28,71,1,8,1
144,13,985,1004,144,48,1,7,1
144,15,1705,812,30,55,1,8,1
144,16,396,204,45,75,1,5,1
145,11,382,204,26,40,1,8,1
145,12,357,847,69,70,1,2,1
145,14,333,552,30,71,1,8,1
145,13,957,1004,149,49,1,7,1
145,15,1701,821,30,56,1,8,1
145,16,392,217,45,75,1,5,1
146,11,386,191,29,38,1,8,1
146,12,348,838,66,67,1,2,1
146,14,333,574,30,69,1,8,1
146,13,933,1007,147,45,1,7,1
146,15,1696,829,35,56,1,8,1
146,16,386,232,45,71,1,5,1
147,11,387,189,25,38,1,8,1
147,12,338,838,69,58,1,2,1
147,14,337,603,31,68,1,8,1
147,13,909,1007,144,46,1,7,1
147,15,1692,834,41,56,1,8,1
147,16,375,245,47,79,1,5,1
148,11,393,171,29,46,1,8,1
148,12,335,812,59,72,1,2,1
148,14,335,618,35,75,1,8,1
148,13,880,1007,147,48,1,7,1
148,15,1683,842,42,57,1,8,1
148,16,371,257,44,88,1,5,1
149,11,394,165,31,45,1,8,1
149,12,325,804,59,68,1,2,1
149,14,338,647,38,70,1,8,1
149,13,865,1006,139,45,1,7,1
149,15,1677,852,47,57,1,8,1
149,16,363,271,47,88,1,5,1
150,11,396,157,31,45,1,8,1
150,12,319,786,61,74,1,2,1
150,14,341,662,37,80,1,8,1
150,13,841,1006,137,45,1,7,1
150,15,1671,861,47,57,1,8,1
150,16,355,282,51,102,1,5,1
151,11,402,153,30,43,1,8,1
151,12,316,774,55,73,1,2,1
151,14,342,685,38,78,1,8,1
151,13,817,1006,135,45,1,7,1
151,15,1659,869,47,57,1,8,1
151,16,352,327,50,83,1,5,1
152,11,407,148,34,34,1,8,1
152,12,312,756,51,76,1,2,1
152,14,347,699,45,91,1,8,1
152,13,790,1005,135,45,1,7,1
152,15,1653,876,52,49,1,8,1
152,16,347,346,46,82,1,5,1
153,11,408,145,35,34,1,8,1
153,12,308,740,49,77,1,2,1
153,14,352,725,47,82,1,8,1
153,13,770,1006,135,45,1,7,1
153,15,1644,878,51,55,1,8,1
153,16,345,360,46,92,1,5,1
154,11,411,138,34,34,1,8,1
154,12,305,729,46,77,1,2,1
154,14,357,748,51,82,1,8,1
154,13,745,1004,142,47,1,7,1
154,15,1633,879,60,55,1,8,1
154,16,338,381,46,92,1,5,1
155,11,421,131,35,34,1,8,1
155,12,302,704,43,76,1,2,1
155,14,354,769,67,81,1,8,1
155,13,725,1002,135,47,1,7,1
155,15,1627,880,65,55,1,8,1
155,16,336,412,40,86,1,5,1
156,11,424,126,35,34,1,8,1
156,12,303,687,38,75,1,2,1
156,14,368,780,67,84,1,8,1
156,13,703,1002,140,45,1,7,1
156,15,1619,897,60,42,1,8,1
156,16,333,432,38,91,1,5,1
157,11,436,124,32,29,1,8,1
157,12,301,670,33,70,1,2,1
157,14,386,809,64,77,1,8,1
157,13,687,1001,138,47,1,7,1
157,16,332,453,40,94,1,5,1
157,15,1609,898,57,46,1,8,1
158,11,441,114,37,34,1,8,1
158,12,300,649,33,70,1,2,1
158,14,394,820,72,77,1,8,1
158,13,673,1000,137,48,1,7,1
158,16,335,475,37,94,1,5,1
158,15,1604,906,53,40,1,8,1
159,11,445,110,37,30,1,8,1
159,12,298,626,30,70,1,2,1
159,14,421,842,64,77,1,8,1
159,13,658,994,139,55,1,7,1
159,16,333,501,36,99,1,5,1
159,15,1599,913,53,40,1,8,1
160,11,450,106,37,30,1,8,1
160,12,298,608,29,67,1,2,1
160,14,431,854,74,72,1,8,1
160,13,650,995,139,55,1,7,1
160,16,335,521,37,103,1,5,1
160,15,1588,915,53,40,1,8,1
161,11,460,101,32,30,1,8,1
161,12,299,590,27,63,1,2,1
161,14,456,869,74,72,1,8,1
161,13,644,993,134,55,1,7,1
161,16,331,547,41,103,1,5,1
161,15,1580,918,53,40,1,8,1
162,11,468,94,32,30,1,8,1
162,12,300,570,27,63,1,2,1
162,14,470,885,88,62,1,8,1
162,13,635,994,137,53,1,7,1
162,16,334,566,39,109,1,5,1
162,15,1567,924,53,40,1,8,1
163,11,475,89,32,30,1,8,1
163,12,299,550,27,63,1,2,1
163,14,496,899,92,58,1,8,1
163,13,630,994,135,53,1,7,1
163,16,335,597,41,105,1,5,1
163,15,1567,926,61,40,1,8,1
164,11,483,84,32,28,1,8,1
164,12,299,533,27,63,1,2,1
164,14,526,911,90,55,1,8,1
164,13,624,993,137,54,1,7,1
164,16,336,621,40,106,1,5,1
164,15,1542,929,67,41,1,8,1
165,11,489,79,32,28,1,8,1
165,12,301,517,27,61,1,2,1
165,14,561,922,90,55,1,8,1
165,13,621,992,137,54,1,7,1
165,16,333,634,43,110,1,5,1
165,15,1521,935,67,41,1,8,1
166,11,494,74,31,29,1,8,1
166,12,301,501,27,63,1,2,1
166,14,592,930,91,51,1,8,1
166,13,616,991,134,54,1,7,1
166,16,336,667,50,111,1,5,1
166,15,1506,945,67,31,1,8,1
167,11,502,70,26,26,1,8,1
167,12,303,486,27,62,1,2,1
167,14,633,939,89,45,1,8,1
167,13,608,991,134,53,1,7,1
167,16,338,691,60,113,1,5,1
167,15,1483,949,76,35,1,8,1
168,11,508,67,25,25,1,8,1
168,12,304,473,27,62,1,2,1
168,14,666,940,89,45,1,8,1
168,13,601,988,134,53,1,7,1
168,16,344,714,65,111,1,5,1
168,15,1465,953,76,35,1,8,1
169,11,515,64,25,27,1,8,1
169,12,307,459,28,58,1,2,1
169,14,704,946,89,45,1,8,1
169,13,591,986,139,58,1,7,1
169,16,347,733,71,113,1,5,1
169,15,1448,957,75,36,1,8,1
169,17,528,73,32,25,1,8,1
170,11,524,62,31,20,1,8,1
170,12,308,443,27,62,1,2,1
170,14,742,950,89,41,1,8,1
170,13,589,986,139,58,1,7,1
170,16,357,754,75,116,1,5,1
170,15,1428,962,75,32,1,8,1
170,17,517,80,32,25,1,8,1
171,11,526,58,31,26,1,8,1
171,12,313,432,28,53,1,2,1
171,14,787,953,89,41,1,8,1
171,13,579,984,137,58,1,7,1
171,16,368,775,80,114,1,5,1
171,15,1404,964,78,37,1,8,1
171,17,508,87,34,25,1,8,1
172,12,314,416,31,54,1,2,1
172,14,831,955,83,39,1,8,1
172,13,573,983,137,58,1,7,1
172,16,377,795,88,109,1,5,1
172,15,1386,966,78,39,1,8,1
172,17,506,92,27,25,1,8,1
173,12,318,404,31,54,1,2,1
173,14,868,959,87,34,1,8,1
173,13,564,979,140,61,1,7,1
173,16,394,815,90,105,1,5,1
173,15,1365,971,81,37,1,8,1
173,17,499,94,30,25,1,8,1
174,12,323,390,30,51,1,2,1
174,14,900,960,84,34,1,8,1
174,13,556,978,139,61,1,7,1
174,16,406,833,99,101,1,5,1
174,15,1344,976,81,37,1,8,1
174,17,492,99,30,25,1,8,1
175,12,327,374,30,51,1,2,1
175,14,944,961,80,32,1,8,1
175,13,547,977,138,61,1,7,1
175,16,425,851,104,97,1,5,1
175,15,1318,980,81,37,1,8,1
175,17,485,105,30,25,1,8,1
176,12,329,364,31,49,1,2,1
176,14,978,959,86,35,1,8,1
176,13,537,976,136,61,1,7,1
176,16,446,869,104,87,1,5,1
176,15,1293,984,75,37,1,8,1
176,17,478,111,30,25,1,8,1
177,12,330,349,35,51,1,2,1
177,14,1008,959,86,35,1,8,1
177,13,530,975,136,61,1,7,1
177,16,464,883,113,82,1,5,1
177,15,1274,987,71,40,1,8,1
177,17,467,114,33,33,1,8,1
178,12,337,337,31,49,1,2,1
178,14,1043,956,86,34,1,8,1
178,13,518,973,143,64,1,7,1
178,16,491,895,113,75,1,5,1
178,15,1253,988,74,40,1,8,1
178,17,462,123,33,29,1,8,1
179,12,341,325,34,47,1,2,1
179,14,1079,956,86,34,1,8,1
179,13,501,968,137,64,1,7,1
179,16,523,909,112,65,1,5,1
179,15,1218,994,83,40,1,8,1
179,17,458,132,30,25,1,8,1
180,12,345,320,34,43,1,2,1
180,14,1113,958,80,31,1,8,1
180,13,488,961,137,68,1,7,1
180,16,555,917,115,64,1,5,1
180,15,1194,996,78,42,1,8,1
180,17,452,138,30,25,1,8,1
181,12,346,308,32,41,1,2,1
181,14,1145,956,75,34,1,8,1
181,13,475,954,134,72,1,7,1
181,16,587,924,117,64,1,5,1
181,15,1166,1002,81,38,1,8,1
181,17,449,141,29,25,1,8,1
182,12,351,301,32,39,1,2,1
182,14,1172,956,75,34,1,8,1
182,13,457,948,133,75,1,7,1
182,16,619,931,119,60,1,5,1
182,15,1136,1002,92,40,1,8,1
182,17,444,149,29,27,1,8,1
183,12,354,287,36,41,1,2,1
183,14,1213,951,70,34,1,8,1
183,13,441,939,129,81,1,7,1
183,16,662,942,117,53,1,5,1
183,15,1109,1006,89,40,1,8,1
183,17,436,151,34,37,1,8,1
184,12,360,281,29,35,1,2,1
184,14,1241,947,70,34,1,8,1
184,13,424,928,129,83,1,7,1
184,16,699,946,117,53,1,5,1
184,15,1084,1010,89,37,1,8,1
184,17,433,154,30,40,1,8,1
185,12,364,266,30,40,1,2,1
185,14,1269,945,70,34,1,8,1
185,13,406,918,129,89,1,7,1
185,16,739,947,118,53,1,5,1
185,15,1054,1012,92,38,1,8,1
185,17,431,165,26,34,1,8,1
186,12,366,258,30,35,1,2,1
186,14,1298,941,63,33,1,8,1
186,13,392,903,125,95,1,7,1
186,16,778,952,117,45,1,5,1
186,15,1027,1012,98,42,1,8,1
186,17,429,171,25,35,1,8,1
187,12,370,246,30,39,1,2,1
187,14,1327,937,67,33,1,8,1
187,13,373,888,121,98,1,7,1
187,16,825,954,117,45,1,5,1
187,15,989,1017,96,39,1,8,1
187,17,426,179,25,35,1,8,1
188,12,375,239,30,39,1,2,1
188,14,1353,931,65,38,1,8,1
188,13,359,873,117,105,1,7,1
188,16,865,954,117,45,1,5,1
188,15,961,1019,95,39,1,8,1
188,17,424,190,25,35,1,8,1
189,12,376,229,31,40,1,2,1
189,14,1378,928,65,34,1,8,1
189,13,345,857,115,110,1,7,1
189,16,909,953,117,45,1,5,1
189,15,929,1022,93,39,1,8,1
189,17,418,190,27,39,1,8,1
190,12,381,223,28,38,1,2,1
190,14,1398,925,65,34,1,8,1
190,13,331,838,111,115,1,7,1
190,16,953,954,111,43,1,5,1
190,15,897,1023,96,40,1,8,1
190,17,417,201,26,37,1,8,1
191,12,384,212,29,40,1,2,1
191,14,1420,916,67,37,1,8,1
191,13,322,816,103,119,1,7,1
191,16,1001,952,111,43,1,5,1
191,15,862,1023,94,40,1,8,1
191,17,413,212,26,37,1,8,1
192,12,389,204,29,40,1,2,1
192,14,1441,915,59,34,1,8,1
192,13,312,797,99,123,1,7,1
192,16,1036,952,114,45,1,5,1
192,15,832,1023,94,39,1,8,1
192,17,408,215,30,44,1,8,1
193,12,393,197,28,38,1,2,1
193,14,1460,915,59,34,1,8,1
193,13,309,778,88,123,1,7,1
193,16,1076,949,109,46,1,5,1
193,15,800,1022,94,39,1,8,1
193,17,407,228,26,37,1,8,1
194,12,393,187,28,38,1,2,1
194,14,1480,909,59,32,1,8,1
194,13,302,760,88,123,1,7,1
194,16,1113,947,109,46,1,5,1
194,15,771,1022,94,39,1,8,1
194,17,403,234,28,40,1,8,1
195,12,395,177,28,38,1,2,1
195,14,1497,903,58,35,1,8,1
195,13,296,738,78,125,1,7,1
195,16,1154,945,105,45,1,5,1
195,15,741,1021,95,41,1,8,1
195,17,399,245,30,42,1,8,1
196,12,399,171,28,38,1,2,1
196,14,1512,902,58,35,1,8,1
196,13,293,720,72,123,1,7,1
196,16,1188,943,101,45,1,5,1
196,15,712,1024,93,37,1,8,1
196,17,396,255,30,38,1,8,1
197,12,404,165,28,36,1,2,1
197,14,1527,896,55,33,1,8,1
197,13,291,700,65,123,1,7,1
197,16,1218,940,101,45,1,5,1
197,15,692,1020,88,37,1,8,1
197,17,393,267,29,36,1,8,1
198,12,408,158,28,36,1,2,1
198,14,1539,894,55,33,1,8,1
198,13,286,679,65,123,1,7,1
198,16,1251,936,99,45,1,5,1
198,15,668,1021,87,37,1,8,1
198,17,389,279,27,34,1,8,1
199,12,413,151,29,31,1,2,1
199,14,1554,891,55,33,1,8,1
199,13,288,656,56,120,1,7,1
199,16,1288,931,90,46,1,5,1
199,15,642,1019,87,37,1,8,1
199,17,386,285,28,38,1,8,1
200,12,418,147,30,30,1,2,1
200,14,1563,887,55,32,1,8,1
200,13,288,634,50,120,1,7,1
200,16,1313,928,90,46,1,5,1
200,15,613,1010,91,43,1,8,1
200,17,382,289,29,52,1,8,1
201,12,424,141,31,29,1,2,1
201,14,1576,881,55,33,1,8,1
201,13,286,614,50,118,1,7,1
201,16,1334,924,86,44,1,5,1
201,15,594,1010,89,43,1,8,1
201,17,380,305,27,44,1,8,1
202,12,428,136,31,28,1,2,1
202,14,1592,878,48,35,1,8,1
202,13,288,592,46,121,1,7,1
202,16,1367,921,88,43,1,5,1
202,15,571,1003,93,48,1,8,1
202,17,376,316,27,44,1,8,1
203,12,435,126,31,28,1,2,1
203,14,1601,868,51,41,1,8,1
203,13,290,569,41,114,1,7,1
203,16,1390,916,88,43,1,5,1
203,15,549,993,89,50,1,8,1
203,17,373,322,27,53,1,8,1
204,12,442,121,31,28,1,2,1
204,14,1613,862,47,41,1,8,1
204,13,288,550,41,112,1,7,1
204,16,1411,913,92,43,1,5,1
204,15,528,988,85,49,1,8,1
204,17,369,334,29,54,1,8,1
