1,1,407,424,76,81,1,1,1
1,2,415,470,88,93,1,7,1
1,3,462,480,78,88,1,1,1
1,4,494,73,37,27,1,8,1
1,5,528,70,35,26,1,2,1
1,6,438,115,39,31,1,8,1
1,7,428,134,52,62,1,3,1
1,8,339,500,30,74,1,8,1
1,9,370,787,67,80,1,8,1
1,10,1067,956,117,47,1,5,1
1,11,1243,890,78,33,1,2,1
1,12,1361,962,110,54,1,7,1
1,13,1563,886,56,38,1,8,1
1,14,1622,856,47,41,1,8,1
1,15,371,307,31,52,1,8,1
1,16,1580,920,63,36,1,8,1
2,1,406,422,76,85,1,1,1
2,2,414,467,85,98,1,7,1
2,3,461,481,78,88,1,1,1
2,4,499,73,31,21,1,8,1
2,5,527,71,37,27,1,2,1
2,6,442,110,39,31,1,8,1
2,7,424,138,57,65,1,3,1
2,8,337,516,30,73,1,8,1
2,9,375,797,72,80,1,8,1
2,10,1084,956,115,45,1,5,1
2,11,1248,891,78,33,1,2,1
2,12,1346,965,110,54,1,7,1
2,13,1565,889,56,35,1,8,1
2,14,1628,847,47,48,1,8,1
2,15,368,319,31,52,1,8,1
2,16,1577,924,63,36,1,8,1
3,1,407,421,77,85,1,1,1
3,2,415,467,86,96,1,7,1
3,3,461,480,80,87,1,1,1
3,4,501,72,31,21,1,8,1
3,5,522,76,35,26,1,2,1
3,6,448,109,34,27,1,8,1
3,7,422,140,50,71,1,3,1
3,8,337,532,30,73,1,8,1
3,9,383,814,76,75,1,8,1
3,10,1110,956,110,43,1,5,1
3,11,1244,892,78,33,1,2,1
3,12,1328,966,113,57,1,7,1
3,13,1568,887,56,37,1,8,1
3,14,1627,843,47,48,1,8,1
3,15,366,331,32,49,1,8,1
3,16,1572,924,63,36,1,8,1
4,1,408,422,74,85,1,1,1
4,2,414,466,88,98,1,7,1
4,3,461,479,78,89,1,1,1
4,4,507,65,32,24,1,8,1
4,5,514,78,32,28,1,2,1
4,6,449,104,39,31,1,8,1
4,7,418,141,53,73,1,3,1
4,8,336,549,30,73,1,8,1
4,9,397,826,76,74,1,8,1
4,10,1122,956,116,43,1,5,1
4,11,1244,891,78,33,1,2,1
4,12,1312,970,113,57,1,7,1
4,13,1573,882,56,37,1,8,1
4,14,1630,841,47,48,1,8,1
4,15,363,340,31,55,1,8,1
4,16,1565,929,63,36,1,8,1
5,4,515,64,33,21,1,8,1
5,5,508,84,37,29,1,2,1
5,6,454,106,31,25,1,8,1
5,7,414,150,53,73,1,3,1
5,8,335,564,30,73,1,8,1
5,9,409,834,77,79,1,8,1
5,10,1138,951,111,45,1,5,1
5,11,1250,893,78,33,1,2,1
5,12,1295,973,116,57,1,7,1
5,13,1579,882,53,37,1,8,1
5,14,1633,838,48,49,1,8,1
5,1,405,422,74,85,1,1,1
5,2,415,467,86,97,1,7,1
5,3,460,481,78,89,1,1,1
5,15,358,356,33,55,1,8,1
5,16,1556,926,63,36,1,8,1
6,4,519,65,31,20,1,8,1
6,5,508,86,37,29,1,2,1
6,6,459,102,31,25,1,8,1
6,7,412,154,53,75,1,3,1
6,8,334,579,30,73,1,8,1
6,9,425,846,75,78,1,8,1
6,10,1164,948,106,43,1,5,1
6,11,1248,888,78,37,1,2,1
6,12,1280,976,116,57,1,7,1
6,13,1586,881,52,36,1,8,1
6,14,1641,833,37,49,1,8,1
6,1,409,421,74,85,1,1,1
6,2,416,466,84,97,1,7,1
6,3,462,480,78,89,1,1,1
6,15,355,367,32,53,1,8,1
6,16,1536,936,75,34,1,8,1
7,5,497,85,37,39,1,2,1
7,6,465,97,31,25,1,8,1
7,7,408,156,58,78,1,3,1
7,8,335,594,30,73,1,8,1
7,9,434,856,84,77,1,8,1
7,10,1174,946,113,48,1,5,1
7,11,1244,882,84,46,1,2,1
7,12,1260,981,116,51,1,7,1
7,13,1589,880,52,36,1,8,1
7,14,1642,826,41,49,1,8,1
7,1,408,421,74,85,1,1,1
7,2,413,467,85,94,1,7,1
7,3,462,480,78,89,1,1,1
7,15,354,376,32,57,1,8,1
7,16,1518,932,90,36,1,8,1
8,15,348,387,36,60,1,8,1
8,16,1502,934,83,38,1,8,1
8,5,493,91,37,39,1,2,1
8,6,470,95,31,25,1,8,1
8,7,406,161,58,78,1,3,1
8,8,335,610,30,73,1,8,1
8,9,456,871,84,68,1,8,1
8,10,1190,936,112,54,1,5,1
8,11,1250,888,84,41,1,2,1
8,12,1245,984,116,52,1,7,1
8,13,1590,878,52,36,1,8,1
8,14,1642,825,41,49,1,8,1
8,1,406,420,74,85,1,1,1
8,2,412,464,87,101,1,7,1
8,3,460,479,78,89,1,1,1
9,15,346,406,34,57,1,8,1
9,16,1495,942,76,36,1,8,1
9,5,486,97,40,35,1,2,1
9,6,473,90,31,25,1,8,1
9,7,402,173,52,74,1,3,1
9,8,337,625,30,76,1,8,1
9,9,467,882,90,64,1,8,1
9,10,1209,938,107,51,1,5,1
9,11,1251,887,84,43,1,2,1
9,12,1221,989,122,53,1,7,1
9,13,1595,874,52,36,1,8,1
9,14,1647,816,41,53,1,8,1
9,1,408,420,74,85,1,1,1
9,2,413,467,87,98,1,7,1
9,3,460,480,78,89,1,1,1
10,15,345,422,30,57,1,8,1
10,16,1489,943,76,36,1,8,1
10,5,481,101,35,33,1,2,1
10,6,477,86,36,25,1,8,1
10,7,404,179,50,76,1,3,1
10,8,336,636,34,76,1,8,1
10,9,489,895,90,56,1,8,1
10,10,1226,940,107,49,1,5,1
10,11,1245,890,94,42,1,2,1
10,12,1203,988,121,56,1,7,1
10,13,1600,872,52,36,1,8,1
10,14,1652,808,40,53,1,8,1
10,1,408,421,74,85,1,1,1
10,2,414,467,87,96,1,7,1
10,3,460,479,78,89,1,1,1
11,15,341,437,34,57,1,8,1
11,16,1470,944,82,39,1,8,1
11,5,478,105,35,33,1,2,1
11,6,478,83,36,25,1,8,1
11,7,400,188,44,72,1,3,1
11,8,336,646,38,78,1,8,1
11,9,499,903,101,53,1,8,1
11,10,1244,940,102,47,1,5,1
11,11,1248,890,94,42,1,2,1
11,12,1184,993,124,52,1,7,1
11,13,1599,871,52,36,1,8,1
11,14,1656,800,39,55,1,8,1
11,1,407,422,74,85,1,1,1
11,2,416,469,87,96,1,7,1
11,3,462,481,78,89,1,1,1
12,15,340,449,33,61,1,8,1
12,16,1459,944,82,39,1,8,1
12,5,472,109,35,33,1,2,1
12,6,484,81,36,25,1,8,1
12,7,394,191,49,78,1,3,1
12,8,337,662,37,78,1,8,1
12,9,523,913,88,55,1,8,1
12,10,1255,939,102,47,1,5,1
12,11,1250,889,94,42,1,2,1
12,12,1164,995,128,52,1,7,1
12,13,1609,865,50,41,1,8,1
12,14,1654,799,39,55,1,8,1
12,1,407,420,72,85,1,1,1
12,2,412,468,87,96,1,7,1
12,3,461,480,78,89,1,1,1
13,15,338,466,31,61,1,8,1
13,16,1440,953,90,40,1,8,1
13,5,465,114,35,33,1,2,1
13,6,487,80,36,25,1,8,1
13,7,395,196,50,78,1,3,1
13,8,341,678,37,76,1,8,1
13,9,547,919,88,52,1,8,1
13,10,1269,936,103,48,1,5,1
13,11,1249,887,87,44,1,2,1
13,12,1143,997,131,56,1,7,1
13,13,1609,863,50,41,1,8,1
13,14,1659,793,37,52,1,8,1
13,1,408,422,74,85,1,1,1
13,2,413,466,87,101,1,7,1
13,3,460,481,78,89,1,1,1
14,15,338,475,27,68,1,8,1
14,16,1431,955,74,35,1,8,1
14,5,464,116,35,33,1,2,1
14,6,492,73,36,25,1,8,1
14,7,393,204,49,78,1,3,1
14,8,342,687,40,81,1,8,1
14,9,569,927,89,48,1,8,1
14,10,1287,932,102,48,1,5,1
14,11,1252,888,85,44,1,2,1
14,12,1119,1000,134,51,1,7,1
14,13,1610,862,50,41,1,8,1
14,14,1663,791,37,52,1,8,1
14,1,406,421,74,85,1,1,1
14,2,412,467,87,97,1,7,1
14,3,460,481,81,89,1,1,1
15,15,338,489,27,70,1,8,1
15,16,1416,960,81,36,1,8,1
15,5,456,121,35,33,1,2,1
15,6,500,69,29,27,1,8,1
15,7,389,211,49,78,1,3,1
15,8,347,701,40,81,1,8,1
15,9,579,929,110,50,1,8,1
15,10,1303,928,97,52,1,5,1
15,11,1254,889,81,42,1,2,1
15,12,1102,1003,130,51,1,7,1
15,13,1615,861,50,41,1,8,1
15,14,1668,780,37,52,1,8,1
15,1,407,422,74,85,1,1,1
15,2,412,468,86,97,1,7,1
15,3,461,480,78,89,1,1,1
16,15,335,506,27,70,1,8,1
16,16,1402,962,81,36,1,8,1
16,5,453,124,35,33,1,2,1
16,6,508,67,29,27,1,8,1
16,7,388,218,49,80,1,3,1
16,8,346,709,48,84,1,8,1
16,9,603,936,109,46,1,8,1
16,10,1317,928,111,48,1,5,1
16,11,1256,891,81,42,1,2,1
16,12,1083,1008,129,47,1,7,1
16,13,1623,853,46,46,1,8,1
16,14,1669,777,34,51,1,8,1
16,1,406,422,74,85,1,1,1
16,2,413,468,86,97,1,7,1
16,3,461,480,78,89,1,1,1
17,15,337,515,28,73,1,8,1
17,16,1384,963,90,39,1,8,1
17,3,459,479,77,91,1,1,1
17,6,510,65,35,27,1,8,1
17,7,387,222,49,80,1,3,1
17,8,346,723,55,84,1,8,1
17,9,631,940,105,47,1,8,1
17,10,1332,924,114,50,1,5,1
17,11,1250,887,88,46,1,2,1
17,12,1059,1007,134,51,1,7,1
17,13,1623,850,46,46,1,8,1
17,14,1668,774,34,51,1,8,1
17,1,408,422,71,85,1,1,1
17,2,414,469,82,95,1,7,1
17,5,449,130,38,37,1,2,1
18,15,337,537,27,67,1,8,1
18,16,1376,967,82,40,1,8,1
18,5,447,134,35,38,1,2,1
18,6,514,64,33,24,1,8,1
18,7,386,232,46,83,1,3,1
18,8,355,746,54,74,1,8,1
18,9,654,943,106,43,1,8,1
18,10,1349,925,114,48,1,5,1
18,11,1252,888,85,46,1,2,1
18,12,1039,1008,134,51,1,7,1
18,13,1629,849,42,45,1,8,1
18,14,1668,764,39,52,1,8,1
18,1,408,422,73,85,1,1,1
18,2,414,468,82,98,1,7,1
18,3,462,480,75,89,1,1,1
18,17,1700,879,55,34,1,8,1
19,15,335,550,26,68,1,8,1
19,16,1361,971,72,40,1,8,1
19,5,442,138,33,39,1,2,1
19,7,383,238,46,81,1,3,1
19,8,366,763,53,73,1,8,1
19,9,688,945,98,41,1,8,1
19,10,1366,917,102,50,1,5,1
19,11,1254,887,85,46,1,2,1
19,12,1019,1010,131,49,1,7,1
19,13,1632,842,45,46,1,8,1
19,14,1678,755,28,55,1,8,1
19,17,1698,879,58,33,1,8,1
19,1,408,422,69,85,1,1,1
19,2,414,469,82,95,1,7,1
19,3,462,480,70,89,1,1,1
20,15,335,566,30,67,1,8,1
20,16,1341,975,73,43,1,8,1
20,5,441,144,30,38,1,2,1
20,7,381,243,43,83,1,3,1
20,8,371,771,54,79,1,8,1
20,9,713,951,100,40,1,8,1
20,10,1383,924,94,43,1,5,1
20,11,1261,890,75,44,1,2,1
20,12,997,1013,134,49,1,7,1
20,13,1636,838,42,46,1,8,1
20,14,1679,753,28,55,1,8,1
20,17,1694,879,56,36,1,8,1
20,1,408,422,74,82,1,1,1
20,2,415,470,82,94,1,7,1
20,3,462,480,76,89,1,1,1
21,15,335,572,29,81,1,8,1
21,16,1318,979,83,43,1,8,1
21,5,439,150,30,38,1,2,1
21,7,376,254,43,83,1,3,1
21,8,381,779,54,79,1,8,1
21,9,737,952,105,42,1,8,1
21,10,1398,923,86,37,1,5,1
21,11,1265,889,75,47,1,2,1
21,12,975,1014,141,50,1,7,1
21,13,1636,832,44,47,1,8,1
21,14,1679,748,29,54,1,8,1
21,17,1687,884,47,36,1,8,1
21,1,408,423,74,82,1,1,1
21,2,413,469,82,96,1,7,1
21,3,461,478,76,89,1,1,1
22,15,336,584,29,77,1,8,1
22,16,1301,984,90,39,1,8,1
22,5,434,153,33,41,1,2,1
22,7,373,264,43,83,1,3,1
22,8,383,801,65,72,1,8,1
22,9,763,955,105,34,1,8,1
22,10,1422,914,74,42,1,5,1
22,11,1266,888,70,54,1,2,1
22,12,953,1013,137,48,1,7,1
22,13,1643,827,40,45,1,8,1
22,14,1679,745,29,50,1,8,1
22,17,1684,884,51,37,1,8,1
22,1,407,425,74,82,1,1,1
22,2,415,467,82,96,1,7,1
22,3,462,479,76,89,1,1,1
23,15,335,595,28,82,1,8,1
23,16,1290,985,74,40,1,8,1
23,5,431,158,33,40,1,2,1
23,7,370,269,43,87,1,3,1
23,8,399,815,65,72,1,8,1
23,9,796,956,100,32,1,8,1
23,10,1432,908,80,45,1,5,1
23,11,1271,890,70,55,1,2,1
23,12,930,1016,137,48,1,7,1
23,13,1644,825,40,45,1,8,1
23,14,1678,740,29,50,1,8,1
23,17,1679,889,51,34,1,8,1
23,1,407,423,74,85,1,1,1
23,2,414,465,82,96,1,7,1
23,3,470,476,76,89,1,1,1
24,15,335,616,29,75,1,8,1
24,16,1274,989,74,40,1,8,1
24,5,428,165,32,40,1,2,1
24,7,367,275,43,87,1,3,1
24,8,417,832,61,69,1,8,1
24,9,820,960,100,32,1,8,1
24,10,1444,906,80,45,1,5,1
24,11,1274,891,70,55,1,2,1
24,12,906,1018,137,43,1,7,1
24,13,1649,820,35,49,1,8,1
24,17,1672,890,51,34,1,8,1
24,1,409,421,74,85,1,1,1
24,2,413,467,85,95,1,7,1
24,3,462,479,77,89,1,1,1
25,15,336,628,29,80,1,8,1
25,16,1252,994,78,39,1,8,1
25,5,427,168,29,38,1,2,1
25,7,364,284,43,87,1,3,1
25,8,420,840,68,74,1,8,1
25,9,855,960,96,34,1,8,1
25,10,1449,899,93,43,1,5,1
25,11,1281,895,70,55,1,2,1
25,12,885,1018,136,43,1,7,1
25,13,1651,811,42,51,1,8,1
25,17,1667,894,51,34,1,8,1
25,1,406,421,74,85,1,1,1
25,2,412,468,85,95,1,7,1
25,3,461,480,74,89,1,1,1
26,15,336,645,33,71,1,8,1
26,16,1239,995,77,41,1,8,1
26,5,424,175,30,36,1,2,1
26,7,361,292,44,89,1,3,1
26,8,423,844,86,77,1,8,1
26,9,877,958,101,37,1,8,1
26,10,1469,898,77,38,1,5,1
26,11,1292,897,65,56,1,2,1
26,12,865,1018,133,43,1,7,1
26,13,1653,810,39,48,1,8,1
26,17,1662,894,51,34,1,8,1
26,1,406,421,77,86,1,1,1
26,2,412,467,87,97,1,7,1
26,3,461,480,77,89,1,1,1
27,15,335,646,34,88,1,8,1
27,16,1217,997,81,41,1,8,1
27,5,423,179,29,42,1,2,1
27,7,358,301,44,91,1,3,1
27,8,438,865,86,65,1,8,1
27,9,899,959,99,40,1,8,1
27,10,1475,896,77,38,1,5,1
27,11,1289,902,75,57,1,2,1
27,12,843,1018,133,43,1,7,1
27,13,1656,801,39,53,1,8,1
27,17,1652,895,59,37,1,8,1
27,1,408,423,74,80,1,1,1
27,2,414,467,81,98,1,7,1
27,3,461,478,74,91,1,1,1
28,15,336,666,34,81,1,8,1
28,16,1198,1004,79,38,1,8,1
28,5,418,186,32,37,1,2,1
28,7,355,309,47,91,1,3,1
28,8,454,873,86,65,1,8,1
28,9,922,959,99,40,1,8,1
28,10,1485,897,79,37,1,5,1
28,11,1300,908,74,55,1,2,1
28,12,824,1019,133,43,1,7,1
28,13,1655,798,39,53,1,8,1
28,17,1651,895,54,36,1,8,1
28,1,407,423,74,82,1,1,1
28,2,414,466,81,98,1,7,1
28,3,461,480,74,91,1,1,1
29,15,338,675,36,83,1,8,1
29,16,1174,1006,84,36,1,8,1
29,5,418,193,30,41,1,2,1
29,7,353,321,47,91,1,3,1
29,8,476,885,83,60,1,8,1
29,9,942,957,96,40,1,8,1
29,10,1479,897,97,36,1,5,1
29,11,1307,910,69,55,1,2,1
29,12,800,1018,136,42,1,7,1
29,13,1658,792,39,52,1,8,1
29,17,1644,901,49,32,1,8,1
29,1,406,423,74,83,1,1,1
29,2,415,466,81,98,1,7,1
29,3,461,478,76,91,1,1,1
30,15,338,693,41,81,1,8,1
30,16,1157,1009,84,36,1,8,1
30,5,416,197,27,41,1,2,1
30,7,352,330,47,92,1,3,1
30,8,494,897,85,53,1,8,1
30,9,969,957,96,40,1,8,1
30,10,1497,898,82,36,1,5,1
30,11,1310,914,73,51,1,2,1
30,12,788,1017,127,42,1,7,1
30,13,1657,790,39,52,1,8,1
30,17,1640,904,49,32,1,8,1
30,1,406,424,77,82,1,1,1
30,2,412,467,81,98,1,7,1
30,3,463,479,74,91,1,1,1
31,15,338,705,43,81,1,8,1
31,16,1138,1011,89,35,1,8,1
31,5,414,204,29,41,1,2,1
31,7,347,338,47,96,1,3,1
31,8,513,908,86,53,1,8,1
31,9,990,958,91,40,1,8,1
31,10,1510,892,76,42,1,5,1
31,11,1316,916,73,47,1,2,1
31,12,771,1018,127,42,1,7,1
31,13,1668,780,33,53,1,8,1
31,17,1636,903,46,32,1,8,1
31,1,405,424,77,82,1,1,1
31,2,412,466,81,98,1,7,1
31,3,463,478,74,91,1,1,1
32,15,340,716,47,81,1,8,1
32,16,1119,1013,91,35,1,8,1
32,5,411,211,30,41,1,2,1
32,7,345,352,47,96,1,3,1
32,8,534,917,86,52,1,8,1
32,9,1009,958,88,39,1,8,1
32,10,1519,890,75,42,1,5,1
32,11,1325,922,71,41,1,2,1
32,12,752,1019,125,42,1,7,1
32,13,1671,776,29,50,1,8,1
32,17,1631,905,46,31,1,8,1
32,1,406,424,77,82,1,1,1
32,2,414,468,81,98,1,7,1
32,3,462,479,74,91,1,1,1
33,15,345,728,49,81,1,8,1
33,16,1098,1014,97,35,1,8,1
33,5,408,218,30,42,1,2,1
33,7,345,359,45,99,1,3,1
33,8,554,921,90,52,1,8,1
33,9,1030,960,81,37,1,8,1
33,10,1525,892,74,41,1,5,1
33,11,1331,926,68,36,1,2,1
33,12,733,1020,125,42,1,7,1
33,13,1672,776,28,51,1,8,1
33,17,1622,908,54,30,1,8,1
33,1,407,424,75,82,1,1,1
33,2,413,467,87,98,1,7,1
33,3,461,479,79,91,1,1,1
34,15,346,737,54,82,1,8,1
34,16,1081,1014,92,37,1,8,1
34,5,406,225,28,43,1,2,1
34,7,341,370,47,99,1,3,1
34,8,581,928,90,47,1,8,1
34,9,1045,961,81,37,1,8,1
34,10,1534,891,74,41,1,5,1
34,11,1340,925,75,33,1,2,1
34,12,714,1020,125,42,1,7,1
34,13,1668,774,34,48,1,8,1
34,17,1619,909,51,29,1,8,1
34,2,414,467,87,98,1,7,1
34,3,460,478,79,91,1,1,1
34,1,406,424,75,82,1,1,1
35,15,353,756,58,77,1,8,1
35,16,1058,1016,102,37,1,8,1
35,5,403,231,29,45,1,2,1
35,7,340,381,47,102,1,3,1
35,8,605,938,90,41,1,8,1
35,9,1061,960,77,35,1,8,1
35,10,1542,886,73,47,1,5,1
35,11,1361,925,63,33,1,2,1
35,12,693,1016,130,43,1,7,1
35,13,1670,773,31,48,1,8,1
35,17,1614,912,51,28,1,8,1
35,2,413,467,87,98,1,7,1
35,3,461,478,79,91,1,1,1
35,1,408,424,75,82,1,1,1
36,15,360,766,58,77,1,8,1
36,16,1039,1016,102,37,1,8,1
36,5,399,240,29,45,1,2,1
36,7,338,392,44,102,1,3,1
36,8,632,941,89,39,1,8,1
36,9,1075,959,77,37,1,8,1
36,10,1548,887,74,38,1,5,1
36,11,1371,929,63,33,1,2,1
36,12,682,1018,129,43,1,7,1
36,13,1674,770,27,48,1,8,1
36,17,1609,913,51,32,1,8,1
36,2,411,467,87,98,1,7,1
36,3,460,479,79,91,1,1,1
36,1,408,424,75,82,1,1,1
