1,1,723,671,40,65,1,1,1
1,2,767,663,38,80,1,1,1
1,3,820,663,75,43,1,1,1
1,4,818,622,79,40,1,1,1
1,5,741,587,69,67,1,1,1
1,6,796,534,65,42,1,8,1
1,7,837,545,73,66,1,1,1
1,8,917,491,73,58,1,1,1
1,9,950,469,46,29,1,2,1
1,10,996,463,60,44,1,1,1
1,11,1076,416,62,50,1,1,1
2,1,723,671,40,65,1,1,1
2,2,767,663,38,80,1,1,1
2,3,820,663,75,43,1,1,1
2,4,818,622,79,40,1,1,1
2,5,741,587,69,67,1,1,1
2,6,789,539,65,42,1,8,1
2,7,837,545,73,66,1,1,1
2,8,917,491,73,58,1,1,1
2,9,940,472,48,32,1,2,1
2,10,996,463,59,44,1,1,1
2,11,1076,416,62,50,1,1,1
3,1,723,671,40,65,1,1,1
3,2,767,663,38,80,1,1,1
3,3,820,663,75,43,1,1,1
3,4,818,622,79,40,1,1,1
3,5,741,587,69,67,1,1,1
3,6,786,540,64,42,1,8,1
3,7,837,545,73,66,1,1,1
3,8,917,491,73,58,1,1,1
3,9,931,476,49,32,1,2,1
3,10,996,463,59,44,1,1,1
3,11,1076,416,62,50,1,1,1
4,1,723,671,40,65,1,1,1
4,2,767,663,38,80,1,1,1
4,3,820,663,75,43,1,1,1
4,4,818,622,79,40,1,1,1
4,5,741,587,69,67,1,1,1
4,6,781,544,61,42,1,8,1
4,7,837,545,73,66,1,1,1
4,8,917,491,73,58,1,1,1
4,9,926,480,44,31,1,2,1
4,10,996,463,59,44,1,1,1
4,11,1076,416,62,50,1,1,1
5,1,723,671,40,65,1,1,1
5,2,767,663,38,80,1,1,1
5,3,820,663,75,43,1,1,1
5,4,818,622,79,40,1,1,1
5,5,741,587,69,67,1,1,1
5,6,768,550,65,42,1,8,1
5,7,837,545,73,66,1,1,1
5,8,917,491,73,58,1,1,1
5,9,911,483,52,33,1,2,1
5,10,996,463,59,44,1,1,1
5,11,1076,416,62,50,1,1,1
6,1,723,671,40,65,1,1,1
6,2,767,663,38,80,1,1,1
6,3,820,663,75,43,1,1,1
6,4,818,622,79,40,1,1,1
6,5,741,587,69,67,1,1,1
6,6,760,554,65,42,1,8,1
6,7,837,545,73,66,1,1,1
6,8,917,491,73,58,1,1,1
6,9,906,483,48,36,1,2,1
6,10,996,463,59,44,1,1,1
6,11,1076,416,62,50,1,1,1
7,1,723,671,40,65,1,1,1
7,2,767,663,38,80,1,1,1
7,3,820,663,75,43,1,1,1
7,4,818,622,79,40,1,1,1
7,5,741,587,69,67,1,1,1
7,6,763,555,58,43,1,8,1
7,7,837,545,73,66,1,1,1
7,8,917,491,73,58,1,1,1
7,9,897,488,52,42,1,2,1
7,10,996,463,59,44,1,1,1
7,11,1076,416,62,50,1,1,1
8,1,723,671,40,65,1,1,1
8,2,767,663,38,80,1,1,1
8,3,820,663,75,43,1,1,1
8,4,818,622,79,40,1,1,1
8,5,741,587,69,67,1,1,1
8,6,756,561,65,42,1,8,1
8,7,837,545,73,66,1,1,1
8,8,917,491,73,58,1,1,1
8,9,890,496,49,39,1,2,1
8,10,996,463,59,44,1,1,1
8,11,1076,416,62,50,1,1,1
9,1,723,671,40,65,1,1,1
9,2,767,663,38,80,1,1,1
9,3,820,663,75,43,1,1,1
9,4,818,622,79,40,1,1,1
9,5,741,587,69,67,1,1,1
9,6,753,562,57,41,1,8,1
9,7,837,545,73,66,1,1,1
9,8,917,491,73,58,1,1,1
9,9,882,498,50,40,1,2,1
9,10,996,463,59,44,1,1,1
9,11,1076,416,62,50,1,1,1
10,1,723,671,40,65,1,1,1
10,2,767,663,38,80,1,1,1
10,3,820,663,75,43,1,1,1
10,4,818,622,79,40,1,1,1
10,5,741,587,69,67,1,1,1
10,6,742,567,64,41,1,8,1
10,7,837,545,73,66,1,1,1
10,8,917,491,73,58,1,1,1
10,9,870,503,47,38,1,2,1
10,10,996,463,59,44,1,1,1
10,11,1076,416,62,50,1,1,1
11,1,723,671,40,65,1,1,1
11,2,767,663,38,80,1,1,1
11,3,820,663,75,43,1,1,1
11,4,818,622,79,40,1,1,1
11,5,741,587,69,67,1,1,1
11,6,735,571,65,42,1,8,1
11,7,837,545,73,66,1,1,1
11,8,917,491,73,58,1,1,1
11,9,862,511,52,35,1,2,1
11,10,996,463,59,44,1,1,1
11,11,1076,416,62,50,1,1,1
12,1,723,671,40,65,1,1,1
12,2,767,663,38,80,1,1,1
12,3,820,663,75,43,1,1,1
12,4,818,622,79,40,1,1,1
12,5,741,587,69,67,1,1,1
12,6,731,579,62,40,1,8,1
12,7,837,545,73,66,1,1,1
12,8,917,491,73,58,1,1,1
12,9,856,511,52,35,1,2,1
12,10,996,463,59,44,1,1,1
12,11,1076,416,62,50,1,1,1
13,1,723,671,40,65,1,1,1
13,2,767,663,38,80,1,1,1
13,3,820,663,75,43,1,1,1
13,4,818,622,79,40,1,1,1
13,5,741,587,69,67,1,1,1
13,6,725,583,56,47,1,8,1
13,7,837,545,73,66,1,1,1
13,8,917,491,73,58,1,1,1
13,9,850,516,54,40,1,2,1
13,10,996,463,59,44,1,1,1
13,11,1076,416,62,50,1,1,1
14,1,723,671,40,65,1,1,1
14,2,767,663,38,80,1,1,1
14,3,820,663,75,43,1,1,1
14,4,818,622,79,40,1,1,1
14,5,741,587,69,67,1,1,1
14,6,714,587,57,45,1,8,1
14,7,837,545,73,66,1,1,1
14,8,917,491,73,58,1,1,1
14,9,843,522,52,35,1,2,1
14,10,996,463,59,44,1,1,1
14,11,1076,416,62,50,1,1,1
15,1,723,671,40,65,1,1,1
15,2,767,663,38,80,1,1,1
15,3,820,663,75,43,1,1,1
15,4,818,622,79,40,1,1,1
15,5,741,587,69,67,1,1,1
15,6,711,594,47,44,1,8,1
15,7,837,546,73,65,1,1,1
15,8,917,491,73,58,1,1,1
15,9,837,526,52,35,1,2,1
15,10,996,463,59,44,1,1,1
15,11,1076,416,62,50,1,1,1
16,1,723,671,40,65,1,1,1
16,2,767,663,38,80,1,1,1
16,3,820,663,75,43,1,1,1
16,4,818,622,79,40,1,1,1
16,5,741,587,69,67,1,1,1
16,6,702,596,52,50,1,8,1
16,7,837,545,73,66,1,1,1
16,8,917,491,73,58,1,1,1
16,9,829,527,50,34,1,2,1
16,10,996,463,59,44,1,1,1
16,11,1076,416,62,50,1,1,1
17,1,723,671,40,65,1,1,1
17,2,767,663,38,80,1,1,1
17,3,820,663,75,43,1,1,1
17,4,818,622,79,40,1,1,1
17,5,741,587,69,67,1,1,1
17,6,692,608,51,42,1,8,1
17,7,837,545,73,66,1,1,1
17,8,917,491,73,58,1,1,1
17,9,821,527,52,43,1,2,1
17,10,996,463,59,44,1,1,1
17,11,1076,416,62,50,1,1,1
